-6.0 299.0 -1.5707963267948966 flow_3_0 0 5.0 2.0,-299.0 -6.0 0.0 flow_0_0 0 5.0 2.0,6.0 -299.0 1.5707963267948966 flow_2_0 0 5.0 2.0,299.0 6.0 3.141592653589793 flow_1_0 0 5.0 2.0,;road_1_0_1 r r g,road_0_1_0 r g g,road_2_1_2 r g g,road_1_2_3 r r g,
-6.0 296.0 -1.5707963267948966 flow_3_0 0 5.0 2.0,-296.0 -6.0 0.0 flow_0_0 0 5.0 2.0,6.0 -296.0 1.5707963267948966 flow_2_0 0 5.0 2.0,296.0 6.0 3.141592653589793 flow_1_0 0 5.0 2.0,;road_1_0_1 r r g,road_0_1_0 r g g,road_2_1_2 r g g,road_1_2_3 r r g,
-6.0 291.0 -1.5707963267948966 flow_3_0 0 5.0 2.0,-291.0 -6.0 0.0 flow_0_0 0 5.0 2.0,6.0 -291.0 1.5707963267948966 flow_2_0 0 5.0 2.0,291.0 6.0 3.141592653589793 flow_1_0 0 5.0 2.0,;road_1_0_1 r r g,road_0_1_0 r g g,road_2_1_2 r g g,road_1_2_3 r r g,
-6.0 284.0 -1.5707963267948966 flow_3_0 0 5.0 2.0,-284.0 -6.0 0.0 flow_0_0 0 5.0 2.0,6.0 -284.0 1.5707963267948966 flow_2_0 0 5.0 2.0,284.0 6.0 3.141592653589793 flow_1_0 0 5.0 2.0,299.0 6.0 3.141592653589793 flow_1_1 0 5.0 2.0,6.0 -299.0 1.5707963267948966 flow_2_1 0 5.0 2.0,-6.0 299.0 -1.5707963267948966 flow_3_1 0 5.0 2.0,-299.0 -6.0 0.0 flow_0_1 0 5.0 2.0,;road_1_0_1 r r g,road_0_1_0 r g g,road_2_1_2 r g g,road_1_2_3 r r g,
-6.0 275.0 -1.5707963267948966 flow_3_0 0 5.0 2.0,-275.0 -6.0 0.0 flow_0_0 0 5.0 2.0,6.0 -275.0 1.5707963267948966 flow_2_0 0 5.0 2.0,275.0 6.0 3.141592653589793 flow_1_0 0 5.0 2.0,296.0 6.0 3.141592653589793 flow_1_1 0 5.0 2.0,6.0 -296.0 1.5707963267948966 flow_2_1 0 5.0 2.0,-6.0 296.0 -1.5707963267948966 flow_3_1 0 5.0 2.0,-296.0 -6.0 0.0 flow_0_1 0 5.0 2.0,;road_1_0_1 r r g,road_0_1_0 r g g,road_2_1_2 r g g,road_1_2_3 r r g,
-6.0 264.0 -1.5707963267948966 flow_3_0 0 5.0 2.0,-264.0 -6.0 0.0 flow_0_0 0 5.0 2.0,6.0 -264.0 1.5707963267948966 flow_2_0 0 5.0 2.0,264.0 6.0 3.141592653589793 flow_1_0 0 5.0 2.0,291.0 6.0 3.141592653589793 flow_1_1 0 5.0 2.0,6.0 -291.0 1.5707963267948966 flow_2_1 0 5.0 2.0,-6.0 291.0 -1.5707963267948966 flow_3_1 0 5.0 2.0,-291.0 -6.0 0.0 flow_0_1 0 5.0 2.0,;road_1_0_1 r r g,road_0_1_0 r g g,road_2_1_2 r g g,road_1_2_3 r r g,
-6.0 251.0 -1.5707963267948966 flow_3_0 0 5.0 2.0,-251.0 -6.0 0.0 flow_0_0 0 5.0 2.0,-299.0 -6.0 0.0 flow_0_2 0 5.0 2.0,6.0 -251.0 1.5707963267948966 flow_2_0 0 5.0 2.0,251.0 6.0 3.141592653589793 flow_1_0 0 5.0 2.0,284.0 6.0 3.141592653589793 flow_1_1 0 5.0 2.0,299.0 6.0 3.141592653589793 flow_1_2 0 5.0 2.0,6.0 -284.0 1.5707963267948966 flow_2_1 0 5.0 2.0,6.0 -299.0 1.5707963267948966 flow_2_2 0 5.0 2.0,-6.0 299.0 -1.5707963267948966 flow_3_2 0 5.0 2.0,-6.0 284.0 -1.5707963267948966 flow_3_1 0 5.0 2.0,-284.0 -6.0 0.0 flow_0_1 0 5.0 2.0,;road_1_0_1 r r g,road_0_1_0 r g g,road_2_1_2 r g g,road_1_2_3 r r g,
-6.0 236.0 -1.5707963267948966 flow_3_0 0 5.0 2.0,-236.0 -6.0 0.0 flow_0_0 0 5.0 2.0,-296.0 -6.0 0.0 flow_0_2 0 5.0 2.0,6.0 -236.0 1.5707963267948966 flow_2_0 0 5.0 2.0,236.0 6.0 3.141592653589793 flow_1_0 0 5.0 2.0,275.0 6.0 3.141592653589793 flow_1_1 0 5.0 2.0,296.0 6.0 3.141592653589793 flow_1_2 0 5.0 2.0,6.0 -275.0 1.5707963267948966 flow_2_1 0 5.0 2.0,6.0 -296.0 1.5707963267948966 flow_2_2 0 5.0 2.0,-6.0 296.0 -1.5707963267948966 flow_3_2 0 5.0 2.0,-6.0 275.0 -1.5707963267948966 flow_3_1 0 5.0 2.0,-275.0 -6.0 0.0 flow_0_1 0 5.0 2.0,;road_1_0_1 r r g,road_0_1_0 r g g,road_2_1_2 r g g,road_1_2_3 r r g,
-6.0 219.665 -1.5707963267948966 flow_3_0 0 5.0 2.0,-219.665 -6.0 0.0 flow_0_0 0 5.0 2.0,-291.0 -6.0 0.0 flow_0_2 0 5.0 2.0,6.0 -219.665 1.5707963267948966 flow_2_0 0 5.0 2.0,219.665 6.0 3.141592653589793 flow_1_0 0 5.0 2.0,264.0 6.0 3.141592653589793 flow_1_1 0 5.0 2.0,291.0 6.0 3.141592653589793 flow_1_2 0 5.0 2.0,6.0 -264.0 1.5707963267948966 flow_2_1 0 5.0 2.0,6.0 -291.0 1.5707963267948966 flow_2_2 0 5.0 2.0,-6.0 291.0 -1.5707963267948966 flow_3_2 0 5.0 2.0,-6.0 264.0 -1.5707963267948966 flow_3_1 0 5.0 2.0,-264.0 -6.0 0.0 flow_0_1 0 5.0 2.0,;road_1_0_1 r r g,road_0_1_0 r g g,road_2_1_2 r g g,road_1_2_3 r r g,
-6.0 202.995 -1.5707963267948966 flow_3_0 0 5.0 2.0,-202.995 -6.0 0.0 flow_0_0 0 5.0 2.0,-284.0 -6.0 0.0 flow_0_2 0 5.0 2.0,6.0 -202.995 1.5707963267948966 flow_2_0 0 5.0 2.0,202.995 6.0 3.141592653589793 flow_1_0 0 5.0 2.0,-299.0 -6.0 0.0 flow_0_3 0 5.0 2.0,-6.0 299.0 -1.5707963267948966 flow_3_3 0 5.0 2.0,299.0 6.0 3.141592653589793 flow_1_3 0 5.0 2.0,251.0 6.0 3.141592653589793 flow_1_1 0 5.0 2.0,284.0 6.0 3.141592653589793 flow_1_2 0 5.0 2.0,6.0 -251.0 1.5707963267948966 flow_2_1 0 5.0 2.0,6.0 -299.0 1.5707963267948966 flow_2_3 0 5.0 2.0,6.0 -284.0 1.5707963267948966 flow_2_2 0 5.0 2.0,-6.0 284.0 -1.5707963267948966 flow_3_2 0 5.0 2.0,-6.0 251.0 -1.5707963267948966 flow_3_1 0 5.0 2.0,-251.0 -6.0 0.0 flow_0_1 0 5.0 2.0,;road_1_0_1 r r g,road_0_1_0 r g g,road_2_1_2 r g g,road_1_2_3 r r g,
-6.0 186.325 -1.5707963267948966 flow_3_0 0 5.0 2.0,-186.325 -6.0 0.0 flow_0_0 0 5.0 2.0,-275.0 -6.0 0.0 flow_0_2 0 5.0 2.0,6.0 -186.325 1.5707963267948966 flow_2_0 0 5.0 2.0,186.325 6.0 3.141592653589793 flow_1_0 0 5.0 2.0,-296.0 -6.0 0.0 flow_0_3 0 5.0 2.0,-6.0 296.0 -1.5707963267948966 flow_3_3 0 5.0 2.0,296.0 6.0 3.141592653589793 flow_1_3 0 5.0 2.0,236.0 6.0 3.141592653589793 flow_1_1 0 5.0 2.0,275.0 6.0 3.141592653589793 flow_1_2 0 5.0 2.0,6.0 -236.0 1.5707963267948966 flow_2_1 0 5.0 2.0,6.0 -296.0 1.5707963267948966 flow_2_3 0 5.0 2.0,6.0 -275.0 1.5707963267948966 flow_2_2 0 5.0 2.0,-6.0 275.0 -1.5707963267948966 flow_3_2 0 5.0 2.0,-6.0 236.0 -1.5707963267948966 flow_3_1 0 5.0 2.0,-236.0 -6.0 0.0 flow_0_1 0 5.0 2.0,;road_1_0_1 r r g,road_0_1_0 r g g,road_2_1_2 r g g,road_1_2_3 r r g,
-6.0 169.65499999999998 -1.5707963267948966 flow_3_0 0 5.0 2.0,-169.65499999999998 -6.0 0.0 flow_0_0 0 5.0 2.0,-264.0 -6.0 0.0 flow_0_2 0 5.0 2.0,6.0 -169.65499999999998 1.5707963267948966 flow_2_0 0 5.0 2.0,169.65499999999998 6.0 3.141592653589793 flow_1_0 0 5.0 2.0,-291.0 -6.0 0.0 flow_0_3 0 5.0 2.0,-6.0 291.0 -1.5707963267948966 flow_3_3 0 5.0 2.0,291.0 6.0 3.141592653589793 flow_1_3 0 5.0 2.0,219.665 6.0 3.141592653589793 flow_1_1 0 5.0 2.0,264.0 6.0 3.141592653589793 flow_1_2 0 5.0 2.0,6.0 -219.665 1.5707963267948966 flow_2_1 0 5.0 2.0,6.0 -291.0 1.5707963267948966 flow_2_3 0 5.0 2.0,6.0 -264.0 1.5707963267948966 flow_2_2 0 5.0 2.0,-6.0 264.0 -1.5707963267948966 flow_3_2 0 5.0 2.0,-6.0 219.665 -1.5707963267948966 flow_3_1 0 5.0 2.0,-219.665 -6.0 0.0 flow_0_1 0 5.0 2.0,;road_1_0_1 r r g,road_0_1_0 r g g,road_2_1_2 r g g,road_1_2_3 r r g,
-6.0 152.98499999999997 -1.5707963267948966 flow_3_0 0 5.0 2.0,-152.98499999999997 -6.0 0.0 flow_0_0 0 5.0 2.0,-251.0 -6.0 0.0 flow_0_2 0 5.0 2.0,6.0 -152.98499999999997 1.5707963267948966 flow_2_0 0 5.0 2.0,299.0 6.0 3.141592653589793 flow_1_4 0 5.0 2.0,152.98499999999997 6.0 3.141592653589793 flow_1_0 0 5.0 2.0,-284.0 -6.0 0.0 flow_0_3 0 5.0 2.0,-6.0 284.0 -1.5707963267948966 flow_3_3 0 5.0 2.0,284.0 6.0 3.141592653589793 flow_1_3 0 5.0 2.0,202.995 6.0 3.141592653589793 flow_1_1 0 5.0 2.0,251.0 6.0 3.141592653589793 flow_1_2 0 5.0 2.0,-6.0 299.0 -1.5707963267948966 flow_3_4 0 5.0 2.0,6.0 -202.995 1.5707963267948966 flow_2_1 0 5.0 2.0,6.0 -284.0 1.5707963267948966 flow_2_3 0 5.0 2.0,6.0 -251.0 1.5707963267948966 flow_2_2 0 5.0 2.0,-6.0 251.0 -1.5707963267948966 flow_3_2 0 5.0 2.0,-299.0 -6.0 0.0 flow_0_4 0 5.0 2.0,6.0 -299.0 1.5707963267948966 flow_2_4 0 5.0 2.0,-6.0 202.995 -1.5707963267948966 flow_3_1 0 5.0 2.0,-202.995 -6.0 0.0 flow_0_1 0 5.0 2.0,;road_1_0_1 r r g,road_0_1_0 r g g,road_2_1_2 r g g,road_1_2_3 r r g,
-6.0 136.31499999999995 -1.5707963267948966 flow_3_0 0 5.0 2.0,-136.31499999999995 -6.0 0.0 flow_0_0 0 5.0 2.0,-236.0 -6.0 0.0 flow_0_2 0 5.0 2.0,6.0 -136.31499999999995 1.5707963267948966 flow_2_0 0 5.0 2.0,296.0 6.0 3.141592653589793 flow_1_4 0 5.0 2.0,136.31499999999995 6.0 3.141592653589793 flow_1_0 0 5.0 2.0,-275.0 -6.0 0.0 flow_0_3 0 5.0 2.0,-6.0 275.0 -1.5707963267948966 flow_3_3 0 5.0 2.0,275.0 6.0 3.141592653589793 flow_1_3 0 5.0 2.0,186.325 6.0 3.141592653589793 flow_1_1 0 5.0 2.0,236.0 6.0 3.141592653589793 flow_1_2 0 5.0 2.0,-6.0 296.0 -1.5707963267948966 flow_3_4 0 5.0 2.0,6.0 -186.325 1.5707963267948966 flow_2_1 0 5.0 2.0,6.0 -275.0 1.5707963267948966 flow_2_3 0 5.0 2.0,6.0 -236.0 1.5707963267948966 flow_2_2 0 5.0 2.0,-6.0 236.0 -1.5707963267948966 flow_3_2 0 5.0 2.0,-296.0 -6.0 0.0 flow_0_4 0 5.0 2.0,6.0 -296.0 1.5707963267948966 flow_2_4 0 5.0 2.0,-6.0 186.325 -1.5707963267948966 flow_3_1 0 5.0 2.0,-186.325 -6.0 0.0 flow_0_1 0 5.0 2.0,;road_1_0_1 r r g,road_0_1_0 r g g,road_2_1_2 r g g,road_1_2_3 r r g,
-6.0 119.64499999999993 -1.5707963267948966 flow_3_0 0 5.0 2.0,-119.64499999999993 -6.0 0.0 flow_0_0 0 5.0 2.0,-219.665 -6.0 0.0 flow_0_2 0 5.0 2.0,6.0 -119.64499999999993 1.5707963267948966 flow_2_0 0 5.0 2.0,291.0 6.0 3.141592653589793 flow_1_4 0 5.0 2.0,119.64499999999993 6.0 3.141592653589793 flow_1_0 0 5.0 2.0,-264.0 -6.0 0.0 flow_0_3 0 5.0 2.0,-6.0 264.0 -1.5707963267948966 flow_3_3 0 5.0 2.0,264.0 6.0 3.141592653589793 flow_1_3 0 5.0 2.0,169.65499999999998 6.0 3.141592653589793 flow_1_1 0 5.0 2.0,219.665 6.0 3.141592653589793 flow_1_2 0 5.0 2.0,-6.0 291.0 -1.5707963267948966 flow_3_4 0 5.0 2.0,6.0 -169.65499999999998 1.5707963267948966 flow_2_1 0 5.0 2.0,6.0 -264.0 1.5707963267948966 flow_2_3 0 5.0 2.0,6.0 -219.665 1.5707963267948966 flow_2_2 0 5.0 2.0,-6.0 219.665 -1.5707963267948966 flow_3_2 0 5.0 2.0,-291.0 -6.0 0.0 flow_0_4 0 5.0 2.0,6.0 -291.0 1.5707963267948966 flow_2_4 0 5.0 2.0,-6.0 169.65499999999998 -1.5707963267948966 flow_3_1 0 5.0 2.0,-169.65499999999998 -6.0 0.0 flow_0_1 0 5.0 2.0,;road_1_0_1 r r g,road_0_1_0 r g g,road_2_1_2 r g g,road_1_2_3 r r g,
-6.0 102.97499999999991 -1.5707963267948966 flow_3_0 0 5.0 2.0,-102.97499999999991 -6.0 0.0 flow_0_0 0 5.0 2.0,-202.995 -6.0 0.0 flow_0_2 0 5.0 2.0,-6.0 299.0 -1.5707963267948966 flow_3_5 0 5.0 2.0,6.0 -102.97499999999991 1.5707963267948966 flow_2_0 0 5.0 2.0,284.0 6.0 3.141592653589793 flow_1_4 0 5.0 2.0,102.97499999999991 6.0 3.141592653589793 flow_1_0 0 5.0 2.0,299.0 6.0 3.141592653589793 flow_1_5 0 5.0 2.0,-251.0 -6.0 0.0 flow_0_3 0 5.0 2.0,-6.0 251.0 -1.5707963267948966 flow_3_3 0 5.0 2.0,251.0 6.0 3.141592653589793 flow_1_3 0 5.0 2.0,152.98499999999997 6.0 3.141592653589793 flow_1_1 0 5.0 2.0,202.995 6.0 3.141592653589793 flow_1_2 0 5.0 2.0,-6.0 284.0 -1.5707963267948966 flow_3_4 0 5.0 2.0,6.0 -152.98499999999997 1.5707963267948966 flow_2_1 0 5.0 2.0,6.0 -251.0 1.5707963267948966 flow_2_3 0 5.0 2.0,6.0 -202.995 1.5707963267948966 flow_2_2 0 5.0 2.0,-6.0 202.995 -1.5707963267948966 flow_3_2 0 5.0 2.0,-284.0 -6.0 0.0 flow_0_4 0 5.0 2.0,6.0 -284.0 1.5707963267948966 flow_2_4 0 5.0 2.0,-299.0 -6.0 0.0 flow_0_5 0 5.0 2.0,-6.0 152.98499999999997 -1.5707963267948966 flow_3_1 0 5.0 2.0,-152.98499999999997 -6.0 0.0 flow_0_1 0 5.0 2.0,6.0 -299.0 1.5707963267948966 flow_2_5 0 5.0 2.0,;road_1_0_1 r r g,road_0_1_0 r g g,road_2_1_2 r g g,road_1_2_3 r r g,
-6.0 86.3049999999999 -1.5707963267948966 flow_3_0 0 5.0 2.0,-86.3049999999999 -6.0 0.0 flow_0_0 0 5.0 2.0,-186.325 -6.0 0.0 flow_0_2 0 5.0 2.0,-6.0 296.0 -1.5707963267948966 flow_3_5 0 5.0 2.0,6.0 -86.3049999999999 1.5707963267948966 flow_2_0 0 5.0 2.0,275.0 6.0 3.141592653589793 flow_1_4 0 5.0 2.0,86.3049999999999 6.0 3.141592653589793 flow_1_0 0 5.0 2.0,296.0 6.0 3.141592653589793 flow_1_5 0 5.0 2.0,-236.0 -6.0 0.0 flow_0_3 0 5.0 2.0,-6.0 236.0 -1.5707963267948966 flow_3_3 0 5.0 2.0,236.0 6.0 3.141592653589793 flow_1_3 0 5.0 2.0,136.31499999999995 6.0 3.141592653589793 flow_1_1 0 5.0 2.0,186.325 6.0 3.141592653589793 flow_1_2 0 5.0 2.0,-6.0 275.0 -1.5707963267948966 flow_3_4 0 5.0 2.0,6.0 -136.31499999999995 1.5707963267948966 flow_2_1 0 5.0 2.0,6.0 -236.0 1.5707963267948966 flow_2_3 0 5.0 2.0,6.0 -186.325 1.5707963267948966 flow_2_2 0 5.0 2.0,-6.0 186.325 -1.5707963267948966 flow_3_2 0 5.0 2.0,-275.0 -6.0 0.0 flow_0_4 0 5.0 2.0,6.0 -275.0 1.5707963267948966 flow_2_4 0 5.0 2.0,-296.0 -6.0 0.0 flow_0_5 0 5.0 2.0,-6.0 136.31499999999995 -1.5707963267948966 flow_3_1 0 5.0 2.0,-136.31499999999995 -6.0 0.0 flow_0_1 0 5.0 2.0,6.0 -296.0 1.5707963267948966 flow_2_5 0 5.0 2.0,;road_1_0_1 r r g,road_0_1_0 r g g,road_2_1_2 r g g,road_1_2_3 r r g,
-6.0 71.02416666666656 -1.5707963267948966 flow_3_0 0 5.0 2.0,-69.63499999999988 -6.0 0.0 flow_0_0 0 5.0 2.0,-169.65499999999998 -6.0 0.0 flow_0_2 0 5.0 2.0,-6.0 291.0 -1.5707963267948966 flow_3_5 0 5.0 2.0,6.0 -71.02416666666656 1.5707963267948966 flow_2_0 0 5.0 2.0,264.0 6.0 3.141592653589793 flow_1_4 0 5.0 2.0,69.63499999999988 6.0 3.141592653589793 flow_1_0 0 5.0 2.0,291.0 6.0 3.141592653589793 flow_1_5 0 5.0 2.0,-219.665 -6.0 0.0 flow_0_3 0 5.0 2.0,-6.0 219.665 -1.5707963267948966 flow_3_3 0 5.0 2.0,219.665 6.0 3.141592653589793 flow_1_3 0 5.0 2.0,119.64499999999993 6.0 3.141592653589793 flow_1_1 0 5.0 2.0,169.65499999999998 6.0 3.141592653589793 flow_1_2 0 5.0 2.0,-6.0 264.0 -1.5707963267948966 flow_3_4 0 5.0 2.0,6.0 -119.64499999999993 1.5707963267948966 flow_2_1 0 5.0 2.0,6.0 -219.665 1.5707963267948966 flow_2_3 0 5.0 2.0,6.0 -169.65499999999998 1.5707963267948966 flow_2_2 0 5.0 2.0,-6.0 169.65499999999998 -1.5707963267948966 flow_3_2 0 5.0 2.0,-264.0 -6.0 0.0 flow_0_4 0 5.0 2.0,6.0 -264.0 1.5707963267948966 flow_2_4 0 5.0 2.0,-291.0 -6.0 0.0 flow_0_5 0 5.0 2.0,-6.0 119.64499999999993 -1.5707963267948966 flow_3_1 0 5.0 2.0,-119.64499999999993 -6.0 0.0 flow_0_1 0 5.0 2.0,6.0 -291.0 1.5707963267948966 flow_2_5 0 5.0 2.0,;road_1_0_1 r r g,road_0_1_0 r g g,road_2_1_2 r g g,road_1_2_3 r r g,
-6.0 58.52166666666656 -1.5707963267948966 flow_3_0 0 5.0 2.0,-52.96499999999986 -6.0 0.0 flow_0_0 0 5.0 2.0,-152.98499999999997 -6.0 0.0 flow_0_2 0 5.0 2.0,-6.0 284.0 -1.5707963267948966 flow_3_5 0 5.0 2.0,6.0 -58.52166666666656 1.5707963267948966 flow_2_0 0 5.0 2.0,-299.0 -6.0 0.0 flow_0_6 0 5.0 2.0,299.0 6.0 3.141592653589793 flow_1_6 0 5.0 2.0,251.0 6.0 3.141592653589793 flow_1_4 0 5.0 2.0,-6.0 299.0 -1.5707963267948966 flow_3_6 0 5.0 2.0,52.96499999999986 6.0 3.141592653589793 flow_1_0 0 5.0 2.0,284.0 6.0 3.141592653589793 flow_1_5 0 5.0 2.0,-202.995 -6.0 0.0 flow_0_3 0 5.0 2.0,-6.0 202.995 -1.5707963267948966 flow_3_3 0 5.0 2.0,202.995 6.0 3.141592653589793 flow_1_3 0 5.0 2.0,102.97499999999991 6.0 3.141592653589793 flow_1_1 0 5.0 2.0,152.98499999999997 6.0 3.141592653589793 flow_1_2 0 5.0 2.0,6.0 -299.0 1.5707963267948966 flow_2_6 0 5.0 2.0,-6.0 251.0 -1.5707963267948966 flow_3_4 0 5.0 2.0,6.0 -102.97499999999991 1.5707963267948966 flow_2_1 0 5.0 2.0,6.0 -202.995 1.5707963267948966 flow_2_3 0 5.0 2.0,6.0 -152.98499999999997 1.5707963267948966 flow_2_2 0 5.0 2.0,-6.0 152.98499999999997 -1.5707963267948966 flow_3_2 0 5.0 2.0,-251.0 -6.0 0.0 flow_0_4 0 5.0 2.0,6.0 -251.0 1.5707963267948966 flow_2_4 0 5.0 2.0,-284.0 -6.0 0.0 flow_0_5 0 5.0 2.0,-6.0 102.97499999999991 -1.5707963267948966 flow_3_1 0 5.0 2.0,-102.97499999999991 -6.0 0.0 flow_0_1 0 5.0 2.0,6.0 -284.0 1.5707963267948966 flow_2_5 0 5.0 2.0,;road_1_0_1 r r g,road_0_1_0 r g g,road_2_1_2 r g g,road_1_2_3 r r g,
-6.0 48.51966666666655 -1.5707963267948966 flow_3_0 0 5.0 2.0,-36.294999999999848 -6.0 0.0 flow_0_0 0 5.0 2.0,-136.31499999999995 -6.0 0.0 flow_0_2 0 5.0 2.0,-6.0 275.0 -1.5707963267948966 flow_3_5 0 5.0 2.0,6.0 -48.51966666666655 1.5707963267948966 flow_2_0 0 5.0 2.0,-296.0 -6.0 0.0 flow_0_6 0 5.0 2.0,296.0 6.0 3.141592653589793 flow_1_6 0 5.0 2.0,236.0 6.0 3.141592653589793 flow_1_4 0 5.0 2.0,-6.0 296.0 -1.5707963267948966 flow_3_6 0 5.0 2.0,36.294999999999848 6.0 3.141592653589793 flow_1_0 0 5.0 2.0,275.0 6.0 3.141592653589793 flow_1_5 0 5.0 2.0,-186.325 -6.0 0.0 flow_0_3 0 5.0 2.0,-6.0 186.325 -1.5707963267948966 flow_3_3 0 5.0 2.0,186.325 6.0 3.141592653589793 flow_1_3 0 5.0 2.0,86.3049999999999 6.0 3.141592653589793 flow_1_1 0 5.0 2.0,136.31499999999995 6.0 3.141592653589793 flow_1_2 0 5.0 2.0,6.0 -296.0 1.5707963267948966 flow_2_6 0 5.0 2.0,-6.0 236.0 -1.5707963267948966 flow_3_4 0 5.0 2.0,6.0 -86.3049999999999 1.5707963267948966 flow_2_1 0 5.0 2.0,6.0 -186.325 1.5707963267948966 flow_2_3 0 5.0 2.0,6.0 -136.31499999999995 1.5707963267948966 flow_2_2 0 5.0 2.0,-6.0 136.31499999999995 -1.5707963267948966 flow_3_2 0 5.0 2.0,-236.0 -6.0 0.0 flow_0_4 0 5.0 2.0,6.0 -236.0 1.5707963267948966 flow_2_4 0 5.0 2.0,-275.0 -6.0 0.0 flow_0_5 0 5.0 2.0,-6.0 86.3049999999999 -1.5707963267948966 flow_3_1 0 5.0 2.0,-86.3049999999999 -6.0 0.0 flow_0_1 0 5.0 2.0,6.0 -275.0 1.5707963267948966 flow_2_5 0 5.0 2.0,;road_1_0_1 r r g,road_0_1_0 r g g,road_2_1_2 r g g,road_1_2_3 r r g,
-6.0 40.74033333333324 -1.5707963267948966 flow_3_0 0 5.0 2.0,-19.62499999999983 -6.0 -1.3965069492140336e-16 flow_0_0 0 5.0 2.0,-119.64499999999993 -6.0 0.0 flow_0_2 0 5.0 2.0,-6.0 264.0 -1.5707963267948966 flow_3_5 0 5.0 2.0,6.0 -40.74033333333324 1.5707963267948966 flow_2_0 0 5.0 2.0,-291.0 -6.0 0.0 flow_0_6 0 5.0 2.0,291.0 6.0 3.141592653589793 flow_1_6 0 5.0 2.0,219.665 6.0 3.141592653589793 flow_1_4 0 5.0 2.0,-6.0 291.0 -1.5707963267948966 flow_3_6 0 5.0 2.0,19.62499999999983 6.0 3.141592653589793 flow_1_0 0 5.0 2.0,264.0 6.0 3.141592653589793 flow_1_5 0 5.0 2.0,-169.65499999999998 -6.0 0.0 flow_0_3 0 5.0 2.0,-6.0 169.65499999999998 -1.5707963267948966 flow_3_3 0 5.0 2.0,169.65499999999998 6.0 3.141592653589793 flow_1_3 0 5.0 2.0,69.63499999999988 6.0 3.141592653589793 flow_1_1 0 5.0 2.0,119.64499999999993 6.0 3.141592653589793 flow_1_2 0 5.0 2.0,6.0 -291.0 1.5707963267948966 flow_2_6 0 5.0 2.0,-6.0 219.665 -1.5707963267948966 flow_3_4 0 5.0 2.0,6.0 -71.02416666666656 1.5707963267948966 flow_2_1 0 5.0 2.0,6.0 -169.65499999999998 1.5707963267948966 flow_2_3 0 5.0 2.0,6.0 -119.64499999999993 1.5707963267948966 flow_2_2 0 5.0 2.0,-6.0 119.64499999999993 -1.5707963267948966 flow_3_2 0 5.0 2.0,-219.665 -6.0 0.0 flow_0_4 0 5.0 2.0,6.0 -219.665 1.5707963267948966 flow_2_4 0 5.0 2.0,-264.0 -6.0 0.0 flow_0_5 0 5.0 2.0,-6.0 71.02416666666656 -1.5707963267948966 flow_3_1 0 5.0 2.0,-69.63499999999988 -6.0 0.0 flow_0_1 0 5.0 2.0,6.0 -264.0 1.5707963267948966 flow_2_5 0 5.0 2.0,;road_1_0_1 r r g,road_0_1_0 r g g,road_2_1_2 r g g,road_1_2_3 r r g,
-6.0 35.18366666666657 -1.5707963267948966 flow_3_0 0 5.0 2.0,-2.9549999999998279 -6.0 0.0 flow_0_0 0 5.0 2.0,-102.97499999999991 -6.0 0.0 flow_0_2 0 5.0 2.0,-6.0 251.0 -1.5707963267948966 flow_3_5 0 5.0 2.0,6.0 -35.18366666666657 1.5707963267948966 flow_2_0 0 5.0 2.0,-284.0 -6.0 0.0 flow_0_6 0 5.0 2.0,284.0 6.0 3.141592653589793 flow_1_6 0 5.0 2.0,202.995 6.0 3.141592653589793 flow_1_4 0 5.0 2.0,6.0 -299.0 1.5707963267948966 flow_2_7 0 5.0 2.0,-6.0 299.0 -1.5707963267948966 flow_3_7 0 5.0 2.0,-6.0 284.0 -1.5707963267948966 flow_3_6 0 5.0 2.0,-299.0 -6.0 0.0 flow_0_7 0 5.0 2.0,2.9549999999998279 6.0 3.141592653589793 flow_1_0 0 5.0 2.0,251.0 6.0 3.141592653589793 flow_1_5 0 5.0 2.0,-152.98499999999997 -6.0 0.0 flow_0_3 0 5.0 2.0,-6.0 152.98499999999997 -1.5707963267948966 flow_3_3 0 5.0 2.0,152.98499999999997 6.0 3.141592653589793 flow_1_3 0 5.0 2.0,52.96499999999986 6.0 3.141592653589793 flow_1_1 0 5.0 2.0,102.97499999999991 6.0 3.141592653589793 flow_1_2 0 5.0 2.0,6.0 -284.0 1.5707963267948966 flow_2_6 0 5.0 2.0,-6.0 202.995 -1.5707963267948966 flow_3_4 0 5.0 2.0,6.0 -58.52166666666656 1.5707963267948966 flow_2_1 0 5.0 2.0,6.0 -152.98499999999997 1.5707963267948966 flow_2_3 0 5.0 2.0,299.0 6.0 3.141592653589793 flow_1_7 0 5.0 2.0,6.0 -102.97499999999991 1.5707963267948966 flow_2_2 0 5.0 2.0,-6.0 102.97499999999991 -1.5707963267948966 flow_3_2 0 5.0 2.0,-202.995 -6.0 0.0 flow_0_4 0 5.0 2.0,6.0 -202.995 1.5707963267948966 flow_2_4 0 5.0 2.0,-251.0 -6.0 0.0 flow_0_5 0 5.0 2.0,-6.0 58.52166666666656 -1.5707963267948966 flow_3_1 0 5.0 2.0,-52.96499999999986 -6.0 0.0 flow_0_1 0 5.0 2.0,6.0 -251.0 1.5707963267948966 flow_2_5 0 5.0 2.0,;road_1_0_1 r r g,road_0_1_0 r g g,road_2_1_2 r g g,road_1_2_3 r r g,
-6.0 31.849666666666566 -1.5707963267948966 flow_3_0 0 5.0 2.0,13.71500000000017 -6.0 0.0 flow_0_0 0 5.0 2.0,-86.3049999999999 -6.0 0.0 flow_0_2 0 5.0 2.0,-6.0 236.0 -1.5707963267948966 flow_3_5 0 5.0 2.0,6.0 -31.849666666666566 1.5707963267948966 flow_2_0 0 5.0 2.0,-275.0 -6.0 0.0 flow_0_6 0 5.0 2.0,275.0 6.0 3.141592653589793 flow_1_6 0 5.0 2.0,186.325 6.0 3.141592653589793 flow_1_4 0 5.0 2.0,6.0 -296.0 1.5707963267948966 flow_2_7 0 5.0 2.0,-6.0 296.0 -1.5707963267948966 flow_3_7 0 5.0 2.0,-6.0 275.0 -1.5707963267948966 flow_3_6 0 5.0 2.0,-296.0 -6.0 0.0 flow_0_7 0 5.0 2.0,-13.71500000000017 6.0 3.141592653589793 flow_1_0 0 5.0 2.0,236.0 6.0 3.141592653589793 flow_1_5 0 5.0 2.0,-136.31499999999995 -6.0 0.0 flow_0_3 0 5.0 2.0,-6.0 136.31499999999995 -1.5707963267948966 flow_3_3 0 5.0 2.0,136.31499999999995 6.0 3.141592653589793 flow_1_3 0 5.0 2.0,36.294999999999848 6.0 3.141592653589793 flow_1_1 0 5.0 2.0,86.3049999999999 6.0 3.141592653589793 flow_1_2 0 5.0 2.0,6.0 -275.0 1.5707963267948966 flow_2_6 0 5.0 2.0,-6.0 186.325 -1.5707963267948966 flow_3_4 0 5.0 2.0,6.0 -48.67346308873351 1.5707963267948966 flow_2_1 0 5.0 2.0,6.0 -136.31499999999995 1.5707963267948966 flow_2_3 0 5.0 2.0,296.0 6.0 3.141592653589793 flow_1_7 0 5.0 2.0,6.0 -86.3049999999999 1.5707963267948966 flow_2_2 0 5.0 2.0,-6.0 86.3049999999999 -1.5707963267948966 flow_3_2 0 5.0 2.0,-186.325 -6.0 0.0 flow_0_4 0 5.0 2.0,6.0 -186.325 1.5707963267948966 flow_2_4 0 5.0 2.0,-236.0 -6.0 0.0 flow_0_5 0 5.0 2.0,-6.0 48.67346308873351 -1.5707963267948966 flow_3_1 0 5.0 2.0,-36.294999999999848 -6.0 0.0 flow_0_1 0 5.0 2.0,6.0 -236.0 1.5707963267948966 flow_2_5 0 5.0 2.0,;road_1_0_1 r r g,road_0_1_0 r g g,road_2_1_2 r g g,road_1_2_3 r r g,
-6.0 30.73833333333323 -1.5707963267948966 flow_3_0 0 5.0 2.0,30.385000000000177 -6.0 0.0 flow_0_0 0 5.0 2.0,-69.63499999999988 -6.0 0.0 flow_0_2 0 5.0 2.0,-6.0 219.665 -1.5707963267948966 flow_3_5 0 5.0 2.0,6.0 -30.73833333333323 1.5707963267948966 flow_2_0 0 5.0 2.0,-264.0 -6.0 0.0 flow_0_6 0 5.0 2.0,264.0 6.0 3.141592653589793 flow_1_6 0 5.0 2.0,169.65499999999998 6.0 3.141592653589793 flow_1_4 0 5.0 2.0,6.0 -291.0 1.5707963267948966 flow_2_7 0 5.0 2.0,-6.0 291.0 -1.5707963267948966 flow_3_7 0 5.0 2.0,-6.0 264.0 -1.5707963267948966 flow_3_6 0 5.0 2.0,-291.0 -6.0 0.0 flow_0_7 0 5.0 2.0,-30.385000000000177 6.0 3.141592653589793 flow_1_0 0 5.0 2.0,219.665 6.0 3.141592653589793 flow_1_5 0 5.0 2.0,-119.64499999999993 -6.0 0.0 flow_0_3 0 5.0 2.0,-6.0 119.64499999999993 -1.5707963267948966 flow_3_3 0 5.0 2.0,119.64499999999993 6.0 3.141592653589793 flow_1_3 0 5.0 2.0,19.62499999999983 6.0 3.141592653589793 flow_1_1 0 5.0 2.0,69.63499999999988 6.0 3.141592653589793 flow_1_2 0 5.0 2.0,6.0 -264.0 1.5707963267948966 flow_2_6 0 5.0 2.0,-6.0 169.65499999999998 -1.5707963267948966 flow_3_4 0 5.0 2.0,6.0 -41.78896024471857 1.5707963267948966 flow_2_1 0 5.0 2.0,6.0 -119.64499999999993 1.5707963267948966 flow_2_3 0 5.0 2.0,291.0 6.0 3.141592653589793 flow_1_7 0 5.0 2.0,6.0 -71.02416666666656 1.5707963267948966 flow_2_2 0 5.0 2.0,-6.0 71.02416666666656 -1.5707963267948966 flow_3_2 0 5.0 2.0,-169.65499999999998 -6.0 0.0 flow_0_4 0 5.0 2.0,6.0 -169.65499999999998 1.5707963267948966 flow_2_4 0 5.0 2.0,-219.665 -6.0 0.0 flow_0_5 0 5.0 2.0,-6.0 41.78896024471857 -1.5707963267948966 flow_3_1 0 5.0 2.0,-19.62499999999983 -6.0 -1.3965069492140336e-16 flow_0_1 0 5.0 2.0,6.0 -219.665 1.5707963267948966 flow_2_5 0 5.0 2.0,;road_1_0_1 r r g,road_0_1_0 r g g,road_2_1_2 r g g,road_1_2_3 r r g,
-6.0 30.73833333333323 -1.5707963267948966 flow_3_0 0 5.0 2.0,47.05500000000018 -6.0 0.0 flow_0_0 0 5.0 2.0,-52.96499999999986 -6.0 0.0 flow_0_2 0 5.0 2.0,-6.0 202.995 -1.5707963267948966 flow_3_5 0 5.0 2.0,6.0 -299.0 1.5707963267948966 flow_2_8 0 5.0 2.0,6.0 -30.73833333333323 1.5707963267948966 flow_2_0 0 5.0 2.0,-251.0 -6.0 0.0 flow_0_6 0 5.0 2.0,251.0 6.0 3.141592653589793 flow_1_6 0 5.0 2.0,152.98499999999997 6.0 3.141592653589793 flow_1_4 0 5.0 2.0,6.0 -284.0 1.5707963267948966 flow_2_7 0 5.0 2.0,-6.0 284.0 -1.5707963267948966 flow_3_7 0 5.0 2.0,-6.0 251.0 -1.5707963267948966 flow_3_6 0 5.0 2.0,-284.0 -6.0 0.0 flow_0_7 0 5.0 2.0,-47.05500000000018 6.0 3.141592653589793 flow_1_0 0 5.0 2.0,202.995 6.0 3.141592653589793 flow_1_5 0 5.0 2.0,-102.97499999999991 -6.0 0.0 flow_0_3 0 5.0 2.0,-6.0 102.97499999999991 -1.5707963267948966 flow_3_3 0 5.0 2.0,102.97499999999991 6.0 3.141592653589793 flow_1_3 0 5.0 2.0,2.9549999999998279 6.0 3.141592653589793 flow_1_1 0 5.0 2.0,52.96499999999986 6.0 3.141592653589793 flow_1_2 0 5.0 2.0,6.0 -251.0 1.5707963267948966 flow_2_6 0 5.0 2.0,-6.0 152.98499999999997 -1.5707963267948966 flow_3_4 0 5.0 2.0,6.0 -38.47157218548489 1.5707963267948966 flow_2_1 0 5.0 2.0,6.0 -102.97499999999991 1.5707963267948966 flow_2_3 0 5.0 2.0,284.0 6.0 3.141592653589793 flow_1_7 0 5.0 2.0,6.0 -58.77953486375327 1.5707963267948966 flow_2_2 0 5.0 2.0,-6.0 58.77953486375327 -1.5707963267948966 flow_3_2 0 5.0 2.0,-152.98499999999997 -6.0 0.0 flow_0_4 0 5.0 2.0,6.0 -152.98499999999997 1.5707963267948966 flow_2_4 0 5.0 2.0,-202.995 -6.0 0.0 flow_0_5 0 5.0 2.0,-299.0 -6.0 0.0 flow_0_8 0 5.0 2.0,299.0 6.0 3.141592653589793 flow_1_8 0 5.0 2.0,-6.0 38.47157218548489 -1.5707963267948966 flow_3_1 0 5.0 2.0,-2.9549999999998279 -6.0 0.0 flow_0_1 0 5.0 2.0,-6.0 299.0 -1.5707963267948966 flow_3_8 0 5.0 2.0,6.0 -202.995 1.5707963267948966 flow_2_5 0 5.0 2.0,;road_1_0_1 r r g,road_0_1_0 r g g,road_2_1_2 r g g,road_1_2_3 r r g,
-6.0 30.73833333333323 -1.5707963267948966 flow_3_0 0 5.0 2.0,63.72500000000018 -6.0 0.0 flow_0_0 0 5.0 2.0,-36.294999999999848 -6.0 0.0 flow_0_2 0 5.0 2.0,-6.0 186.325 -1.5707963267948966 flow_3_5 0 5.0 2.0,6.0 -296.0 1.5707963267948966 flow_2_8 0 5.0 2.0,6.0 -30.73833333333323 1.5707963267948966 flow_2_0 0 5.0 2.0,-236.0 -6.0 0.0 flow_0_6 0 5.0 2.0,236.0 6.0 3.141592653589793 flow_1_6 0 5.0 2.0,136.31499999999995 6.0 3.141592653589793 flow_1_4 0 5.0 2.0,6.0 -275.0 1.5707963267948966 flow_2_7 0 5.0 2.0,-6.0 275.0 -1.5707963267948966 flow_3_7 0 5.0 2.0,-6.0 236.0 -1.5707963267948966 flow_3_6 0 5.0 2.0,-275.0 -6.0 0.0 flow_0_7 0 5.0 2.0,-63.72500000000018 6.0 3.141592653589793 flow_1_0 0 5.0 2.0,186.325 6.0 3.141592653589793 flow_1_5 0 5.0 2.0,-86.3049999999999 -6.0 0.0 flow_0_3 0 5.0 2.0,-6.0 86.3049999999999 -1.5707963267948966 flow_3_3 0 5.0 2.0,86.3049999999999 6.0 3.141592653589793 flow_1_3 0 5.0 2.0,-13.71500000000017 6.0 3.141592653589793 flow_1_1 0 5.0 2.0,36.294999999999848 6.0 3.141592653589793 flow_1_2 0 5.0 2.0,6.0 -236.0 1.5707963267948966 flow_2_6 0 5.0 2.0,-6.0 136.31499999999995 -1.5707963267948966 flow_3_4 0 5.0 2.0,6.0 -38.23833333333323 1.5707963267948966 flow_2_1 0 5.0 2.0,6.0 -86.3049999999999 1.5707963267948966 flow_2_3 0 5.0 2.0,275.0 6.0 3.141592653589793 flow_1_7 0 5.0 2.0,6.0 -50.28300208740751 1.5707963267948966 flow_2_2 0 5.0 2.0,-6.0 50.28300208740751 -1.5707963267948966 flow_3_2 0 5.0 2.0,-136.31499999999995 -6.0 0.0 flow_0_4 0 5.0 2.0,6.0 -136.31499999999995 1.5707963267948966 flow_2_4 0 5.0 2.0,-186.325 -6.0 0.0 flow_0_5 0 5.0 2.0,-296.0 -6.0 0.0 flow_0_8 0 5.0 2.0,296.0 6.0 3.141592653589793 flow_1_8 0 5.0 2.0,-6.0 38.23833333333323 -1.5707963267948966 flow_3_1 0 5.0 2.0,13.71500000000017 -6.0 0.0 flow_0_1 0 5.0 2.0,-6.0 296.0 -1.5707963267948966 flow_3_8 0 5.0 2.0,6.0 -186.325 1.5707963267948966 flow_2_5 0 5.0 2.0,;road_1_0_1 r r g,road_0_1_0 r g g,road_2_1_2 r g g,road_1_2_3 r r g,
-6.0 30.73833333333323 -1.5707963267948966 flow_3_0 0 5.0 2.0,80.39500000000018 -6.0 0.0 flow_0_0 0 5.0 2.0,-19.62499999999983 -6.0 -1.3965069492140336e-16 flow_0_2 0 5.0 2.0,-6.0 169.65499999999998 -1.5707963267948966 flow_3_5 0 5.0 2.0,6.0 -291.0 1.5707963267948966 flow_2_8 0 5.0 2.0,6.0 -30.73833333333323 1.5707963267948966 flow_2_0 0 5.0 2.0,-219.665 -6.0 0.0 flow_0_6 0 5.0 2.0,219.665 6.0 3.141592653589793 flow_1_6 0 5.0 2.0,119.64499999999993 6.0 3.141592653589793 flow_1_4 0 5.0 2.0,6.0 -264.0 1.5707963267948966 flow_2_7 0 5.0 2.0,-6.0 264.0 -1.5707963267948966 flow_3_7 0 5.0 2.0,-6.0 219.665 -1.5707963267948966 flow_3_6 0 5.0 2.0,-264.0 -6.0 0.0 flow_0_7 0 5.0 2.0,-80.39500000000018 6.0 3.141592653589793 flow_1_0 0 5.0 2.0,169.65499999999998 6.0 3.141592653589793 flow_1_5 0 5.0 2.0,-69.63499999999988 -6.0 0.0 flow_0_3 0 5.0 2.0,-6.0 71.55100404294902 -1.5707963267948966 flow_3_3 0 5.0 2.0,69.63499999999988 6.0 3.141592653589793 flow_1_3 0 5.0 2.0,-30.385000000000177 6.0 3.141592653589793 flow_1_1 0 5.0 2.0,19.62499999999983 6.0 3.141592653589793 flow_1_2 0 5.0 2.0,6.0 -219.665 1.5707963267948966 flow_2_6 0 5.0 2.0,-6.0 119.64499999999993 -1.5707963267948966 flow_3_4 0 5.0 2.0,6.0 -38.23833333333323 1.5707963267948966 flow_2_1 0 5.0 2.0,6.0 -71.55100404294902 1.5707963267948966 flow_2_3 0 5.0 2.0,264.0 6.0 3.141592653589793 flow_1_7 0 5.0 2.0,6.0 -46.13753347387586 1.5707963267948966 flow_2_2 0 5.0 2.0,-6.0 46.13753347387586 -1.5707963267948966 flow_3_2 0 5.0 2.0,-119.64499999999993 -6.0 0.0 flow_0_4 0 5.0 2.0,6.0 -119.64499999999993 1.5707963267948966 flow_2_4 0 5.0 2.0,-169.65499999999998 -6.0 0.0 flow_0_5 0 5.0 2.0,-291.0 -6.0 0.0 flow_0_8 0 5.0 2.0,291.0 6.0 3.141592653589793 flow_1_8 0 5.0 2.0,-6.0 38.23833333333323 -1.5707963267948966 flow_3_1 0 5.0 2.0,30.385000000000177 -6.0 0.0 flow_0_1 0 5.0 2.0,-6.0 291.0 -1.5707963267948966 flow_3_8 0 5.0 2.0,6.0 -169.65499999999998 1.5707963267948966 flow_2_5 0 5.0 2.0,;road_1_0_1 r r g,road_0_1_0 r g g,road_2_1_2 r g g,road_1_2_3 r r g,
-6.0 30.73833333333323 -1.5707963267948966 flow_3_0 0 5.0 2.0,97.06500000000018 -6.0 0.0 flow_0_0 0 5.0 2.0,-2.9549999999998279 -6.0 0.0 flow_0_2 0 5.0 2.0,-6.0 152.98499999999997 -1.5707963267948966 flow_3_5 0 5.0 2.0,6.0 -284.0 1.5707963267948966 flow_2_8 0 5.0 2.0,6.0 -30.73833333333323 1.5707963267948966 flow_2_0 0 5.0 2.0,-202.995 -6.0 0.0 flow_0_6 0 5.0 2.0,202.995 6.0 3.141592653589793 flow_1_6 0 5.0 2.0,102.97499999999991 6.0 3.141592653589793 flow_1_4 0 5.0 2.0,6.0 -299.0 1.5707963267948966 flow_2_9 0 5.0 2.0,6.0 -251.0 1.5707963267948966 flow_2_7 0 5.0 2.0,-6.0 251.0 -1.5707963267948966 flow_3_7 0 5.0 2.0,-6.0 202.995 -1.5707963267948966 flow_3_6 0 5.0 2.0,-251.0 -6.0 0.0 flow_0_7 0 5.0 2.0,-97.06500000000018 6.0 3.141592653589793 flow_1_0 0 5.0 2.0,152.98499999999997 6.0 3.141592653589793 flow_1_5 0 5.0 2.0,-52.96499999999986 -6.0 0.0 flow_0_3 0 5.0 2.0,-6.0 60.963012128847257 -1.5707963267948966 flow_3_3 0 5.0 2.0,52.96499999999986 6.0 3.141592653589793 flow_1_3 0 5.0 2.0,-47.05500000000018 6.0 3.141592653589793 flow_1_1 0 5.0 2.0,2.9549999999998279 6.0 3.141592653589793 flow_1_2 0 5.0 2.0,6.0 -202.995 1.5707963267948966 flow_2_6 0 5.0 2.0,-6.0 102.97499999999991 -1.5707963267948966 flow_3_4 0 5.0 2.0,6.0 -38.23833333333323 1.5707963267948966 flow_2_1 0 5.0 2.0,6.0 -60.963012128847257 1.5707963267948966 flow_2_3 0 5.0 2.0,251.0 6.0 3.141592653589793 flow_1_7 0 5.0 2.0,6.0 -45.73833333333323 1.5707963267948966 flow_2_2 0 5.0 2.0,-6.0 45.73833333333323 -1.5707963267948966 flow_3_2 0 5.0 2.0,-102.97499999999991 -6.0 0.0 flow_0_4 0 5.0 2.0,6.0 -102.97499999999991 1.5707963267948966 flow_2_4 0 5.0 2.0,299.0 6.0 3.141592653589793 flow_1_9 0 5.0 2.0,-299.0 -6.0 0.0 flow_0_9 0 5.0 2.0,-6.0 299.0 -1.5707963267948966 flow_3_9 0 5.0 2.0,-152.98499999999997 -6.0 0.0 flow_0_5 0 5.0 2.0,-284.0 -6.0 0.0 flow_0_8 0 5.0 2.0,284.0 6.0 3.141592653589793 flow_1_8 0 5.0 2.0,-6.0 38.23833333333323 -1.5707963267948966 flow_3_1 0 5.0 2.0,47.05500000000018 -6.0 0.0 flow_0_1 0 5.0 2.0,-6.0 284.0 -1.5707963267948966 flow_3_8 0 5.0 2.0,6.0 -152.98499999999997 1.5707963267948966 flow_2_5 0 5.0 2.0,;road_1_0_1 r r g,road_0_1_0 r g g,road_2_1_2 r g g,road_1_2_3 r r g,
-6.0 30.73833333333323 -1.5707963267948966 flow_3_0 0 5.0 2.0,113.73500000000019 -6.0 0.0 flow_0_0 0 5.0 2.0,13.71500000000017 -6.0 0.0 flow_0_2 0 5.0 2.0,-6.0 136.31499999999995 -1.5707963267948966 flow_3_5 0 5.0 2.0,6.0 -275.0 1.5707963267948966 flow_2_8 0 5.0 2.0,6.0 -30.73833333333323 1.5707963267948966 flow_2_0 0 5.0 2.0,-186.325 -6.0 0.0 flow_0_6 0 5.0 2.0,186.325 6.0 3.141592653589793 flow_1_6 0 5.0 2.0,86.3049999999999 6.0 3.141592653589793 flow_1_4 0 5.0 2.0,6.0 -296.0 1.5707963267948966 flow_2_9 0 5.0 2.0,6.0 -236.0 1.5707963267948966 flow_2_7 0 5.0 2.0,-6.0 236.0 -1.5707963267948966 flow_3_7 0 5.0 2.0,-6.0 186.325 -1.5707963267948966 flow_3_6 0 5.0 2.0,-236.0 -6.0 0.0 flow_0_7 0 5.0 2.0,-113.73500000000019 6.0 3.141592653589793 flow_1_0 0 5.0 2.0,136.31499999999995 6.0 3.141592653589793 flow_1_5 0 5.0 2.0,-36.294999999999848 -6.0 0.0 flow_0_3 0 5.0 2.0,-6.0 54.87502021474549 -1.5707963267948966 flow_3_3 0 5.0 2.0,36.294999999999848 6.0 3.141592653589793 flow_1_3 0 5.0 2.0,-63.72500000000018 6.0 3.141592653589793 flow_1_1 0 5.0 2.0,-13.71500000000017 6.0 3.141592653589793 flow_1_2 0 5.0 2.0,6.0 -186.325 1.5707963267948966 flow_2_6 0 5.0 2.0,-6.0 86.95907159920083 -1.5707963267948966 flow_3_4 0 5.0 2.0,6.0 -38.23833333333323 1.5707963267948966 flow_2_1 0 5.0 2.0,6.0 -54.87502021474549 1.5707963267948966 flow_2_3 0 5.0 2.0,236.0 6.0 3.141592653589793 flow_1_7 0 5.0 2.0,6.0 -45.73833333333323 1.5707963267948966 flow_2_2 0 5.0 2.0,-6.0 45.73833333333323 -1.5707963267948966 flow_3_2 0 5.0 2.0,-86.3049999999999 -6.0 0.0 flow_0_4 0 5.0 2.0,6.0 -86.95907159920083 1.5707963267948966 flow_2_4 0 5.0 2.0,296.0 6.0 3.141592653589793 flow_1_9 0 5.0 2.0,-296.0 -6.0 0.0 flow_0_9 0 5.0 2.0,-6.0 296.0 -1.5707963267948966 flow_3_9 0 5.0 2.0,-136.31499999999995 -6.0 0.0 flow_0_5 0 5.0 2.0,-275.0 -6.0 0.0 flow_0_8 0 5.0 2.0,275.0 6.0 3.141592653589793 flow_1_8 0 5.0 2.0,-6.0 38.23833333333323 -1.5707963267948966 flow_3_1 0 5.0 2.0,63.72500000000018 -6.0 0.0 flow_0_1 0 5.0 2.0,-6.0 275.0 -1.5707963267948966 flow_3_8 0 5.0 2.0,6.0 -136.31499999999995 1.5707963267948966 flow_2_5 0 5.0 2.0,;road_1_0_1 r r g,road_0_1_0 r g g,road_2_1_2 r g g,road_1_2_3 r r g,
-6.0 30.73833333333323 -1.5707963267948966 flow_3_0 0 5.0 2.0,130.4050000000002 -6.0 0.0 flow_0_0 0 5.0 2.0,30.385000000000177 -6.0 0.0 flow_0_2 0 5.0 2.0,-6.0 119.64499999999993 -1.5707963267948966 flow_3_5 0 5.0 2.0,6.0 -264.0 1.5707963267948966 flow_2_8 0 5.0 2.0,6.0 -30.73833333333323 1.5707963267948966 flow_2_0 0 5.0 2.0,-169.65499999999998 -6.0 0.0 flow_0_6 0 5.0 2.0,169.65499999999998 6.0 3.141592653589793 flow_1_6 0 5.0 2.0,69.63499999999988 6.0 3.141592653589793 flow_1_4 0 5.0 2.0,6.0 -291.0 1.5707963267948966 flow_2_9 0 5.0 2.0,6.0 -219.665 1.5707963267948966 flow_2_7 0 5.0 2.0,-6.0 219.665 -1.5707963267948966 flow_3_7 0 5.0 2.0,-6.0 169.65499999999998 -1.5707963267948966 flow_3_6 0 5.0 2.0,-219.665 -6.0 0.0 flow_0_7 0 5.0 2.0,-130.4050000000002 6.0 3.141592653589793 flow_1_0 0 5.0 2.0,119.64499999999993 6.0 3.141592653589793 flow_1_5 0 5.0 2.0,-19.62499999999983 -6.0 -1.3965069492140336e-16 flow_0_3 0 5.0 2.0,-6.0 53.23833333333323 -1.5707963267948966 flow_3_3 0 5.0 2.0,19.62499999999983 6.0 3.141592653589793 flow_1_3 0 5.0 2.0,-80.39500000000018 6.0 3.141592653589793 flow_1_1 0 5.0 2.0,-30.385000000000177 6.0 3.141592653589793 flow_1_2 0 5.0 2.0,6.0 -169.65499999999998 1.5707963267948966 flow_2_6 0 5.0 2.0,-6.0 73.84721479760265 -1.5707963267948966 flow_3_4 0 5.0 2.0,6.0 -38.23833333333323 1.5707963267948966 flow_2_1 0 5.0 2.0,6.0 -53.23833333333323 1.5707963267948966 flow_2_3 0 5.0 2.0,219.665 6.0 3.141592653589793 flow_1_7 0 5.0 2.0,6.0 -45.73833333333323 1.5707963267948966 flow_2_2 0 5.0 2.0,-6.0 45.73833333333323 -1.5707963267948966 flow_3_2 0 5.0 2.0,-69.63499999999988 -6.0 0.0 flow_0_4 0 5.0 2.0,6.0 -73.84721479760265 1.5707963267948966 flow_2_4 0 5.0 2.0,291.0 6.0 3.141592653589793 flow_1_9 0 5.0 2.0,-291.0 -6.0 0.0 flow_0_9 0 5.0 2.0,-6.0 291.0 -1.5707963267948966 flow_3_9 0 5.0 2.0,-119.64499999999993 -6.0 0.0 flow_0_5 0 5.0 2.0,-264.0 -6.0 0.0 flow_0_8 0 5.0 2.0,264.0 6.0 3.141592653589793 flow_1_8 0 5.0 2.0,-6.0 38.23833333333323 -1.5707963267948966 flow_3_1 0 5.0 2.0,80.39500000000018 -6.0 0.0 flow_0_1 0 5.0 2.0,-6.0 264.0 -1.5707963267948966 flow_3_8 0 5.0 2.0,6.0 -119.64499999999993 1.5707963267948966 flow_2_5 0 5.0 2.0,;road_1_0_1 r r g,road_0_1_0 r g g,road_2_1_2 r g g,road_1_2_3 r r g,
-6.0 30.73833333333323 -1.5707963267948966 flow_3_0 0 5.0 2.0,147.0750000000002 -6.0 0.0 flow_0_0 0 5.0 2.0,47.05500000000018 -6.0 0.0 flow_0_2 0 5.0 2.0,-6.0 102.97499999999991 -1.5707963267948966 flow_3_5 0 5.0 2.0,6.0 -251.0 1.5707963267948966 flow_2_8 0 5.0 2.0,6.0 -30.73833333333323 1.5707963267948966 flow_2_0 0 5.0 2.0,-152.98499999999997 -6.0 0.0 flow_0_6 0 5.0 2.0,152.98499999999997 6.0 3.141592653589793 flow_1_6 0 5.0 2.0,52.96499999999986 6.0 3.141592653589793 flow_1_4 0 5.0 2.0,6.0 -284.0 1.5707963267948966 flow_2_9 0 5.0 2.0,6.0 -299.0 1.5707963267948966 flow_2_10 0 5.0 2.0,6.0 -202.995 1.5707963267948966 flow_2_7 0 5.0 2.0,-6.0 202.995 -1.5707963267948966 flow_3_7 0 5.0 2.0,-6.0 152.98499999999997 -1.5707963267948966 flow_3_6 0 5.0 2.0,-202.995 -6.0 0.0 flow_0_7 0 5.0 2.0,-147.0750000000002 6.0 3.141592653589793 flow_1_0 0 5.0 2.0,102.97499999999991 6.0 3.141592653589793 flow_1_5 0 5.0 2.0,-2.9549999999998279 -6.0 0.0 flow_0_3 0 5.0 2.0,-6.0 53.23833333333323 -1.5707963267948966 flow_3_3 0 5.0 2.0,2.9549999999998279 6.0 3.141592653589793 flow_1_3 0 5.0 2.0,-97.06500000000018 6.0 3.141592653589793 flow_1_1 0 5.0 2.0,-47.05500000000018 6.0 3.141592653589793 flow_1_2 0 5.0 2.0,6.0 -152.98499999999997 1.5707963267948966 flow_2_6 0 5.0 2.0,-6.0 65.23535799600447 -1.5707963267948966 flow_3_4 0 5.0 2.0,6.0 -38.23833333333323 1.5707963267948966 flow_2_1 0 5.0 2.0,6.0 -53.23833333333323 1.5707963267948966 flow_2_3 0 5.0 2.0,202.995 6.0 3.141592653589793 flow_1_7 0 5.0 2.0,6.0 -45.73833333333323 1.5707963267948966 flow_2_2 0 5.0 2.0,-6.0 45.73833333333323 -1.5707963267948966 flow_3_2 0 5.0 2.0,299.0 6.0 3.141592653589793 flow_1_10 0 5.0 2.0,-52.96499999999986 -6.0 0.0 flow_0_4 0 5.0 2.0,-6.0 299.0 -1.5707963267948966 flow_3_10 0 5.0 2.0,6.0 -65.23535799600447 1.5707963267948966 flow_2_4 0 5.0 2.0,-299.0 -6.0 0.0 flow_0_10 0 5.0 2.0,284.0 6.0 3.141592653589793 flow_1_9 0 5.0 2.0,-284.0 -6.0 0.0 flow_0_9 0 5.0 2.0,-6.0 284.0 -1.5707963267948966 flow_3_9 0 5.0 2.0,-102.97499999999991 -6.0 0.0 flow_0_5 0 5.0 2.0,-251.0 -6.0 0.0 flow_0_8 0 5.0 2.0,251.0 6.0 3.141592653589793 flow_1_8 0 5.0 2.0,-6.0 38.23833333333323 -1.5707963267948966 flow_3_1 0 5.0 2.0,97.06500000000018 -6.0 0.0 flow_0_1 0 5.0 2.0,-6.0 251.0 -1.5707963267948966 flow_3_8 0 5.0 2.0,6.0 -102.97499999999991 1.5707963267948966 flow_2_5 0 5.0 2.0,;road_1_0_1 r r g,road_0_1_0 r g g,road_2_1_2 r g g,road_1_2_3 r r g,
-6.0 30.73833333333323 -1.5707963267948966 flow_3_0 0 5.0 2.0,163.74500000000018 -6.0 0.0 flow_0_0 0 5.0 2.0,63.72500000000018 -6.0 0.0 flow_0_2 0 5.0 2.0,-6.0 87.97594517929156 -1.5707963267948966 flow_3_5 0 5.0 2.0,6.0 -236.0 1.5707963267948966 flow_2_8 0 5.0 2.0,6.0 -30.73833333333323 1.5707963267948966 flow_2_0 0 5.0 2.0,-136.31499999999995 -6.0 0.0 flow_0_6 0 5.0 2.0,136.31499999999995 6.0 3.141592653589793 flow_1_6 0 5.0 2.0,36.294999999999848 6.0 3.141592653589793 flow_1_4 0 5.0 2.0,6.0 -275.0 1.5707963267948966 flow_2_9 0 5.0 2.0,6.0 -296.0 1.5707963267948966 flow_2_10 0 5.0 2.0,6.0 -186.325 1.5707963267948966 flow_2_7 0 5.0 2.0,-6.0 186.325 -1.5707963267948966 flow_3_7 0 5.0 2.0,-6.0 136.31499999999995 -1.5707963267948966 flow_3_6 0 5.0 2.0,-186.325 -6.0 0.0 flow_0_7 0 5.0 2.0,-163.74500000000018 6.0 3.141592653589793 flow_1_0 0 5.0 2.0,86.3049999999999 6.0 3.141592653589793 flow_1_5 0 5.0 2.0,13.71500000000017 -6.0 0.0 flow_0_3 0 5.0 2.0,-6.0 53.23833333333323 -1.5707963267948966 flow_3_3 0 5.0 2.0,-13.71500000000017 6.0 3.141592653589793 flow_1_3 0 5.0 2.0,-113.73500000000019 6.0 3.141592653589793 flow_1_1 0 5.0 2.0,-63.72500000000018 6.0 3.141592653589793 flow_1_2 0 5.0 2.0,6.0 -136.31499999999995 1.5707963267948966 flow_2_6 0 5.0 2.0,-6.0 61.12350119440629 -1.5707963267948966 flow_3_4 0 5.0 2.0,6.0 -38.23833333333323 1.5707963267948966 flow_2_1 0 5.0 2.0,6.0 -53.23833333333323 1.5707963267948966 flow_2_3 0 5.0 2.0,186.325 6.0 3.141592653589793 flow_1_7 0 5.0 2.0,6.0 -45.73833333333323 1.5707963267948966 flow_2_2 0 5.0 2.0,-6.0 45.73833333333323 -1.5707963267948966 flow_3_2 0 5.0 2.0,296.0 6.0 3.141592653589793 flow_1_10 0 5.0 2.0,-36.294999999999848 -6.0 0.0 flow_0_4 0 5.0 2.0,-6.0 296.0 -1.5707963267948966 flow_3_10 0 5.0 2.0,6.0 -61.12350119440629 1.5707963267948966 flow_2_4 0 5.0 2.0,-296.0 -6.0 0.0 flow_0_10 0 5.0 2.0,275.0 6.0 3.141592653589793 flow_1_9 0 5.0 2.0,-275.0 -6.0 0.0 flow_0_9 0 5.0 2.0,-6.0 275.0 -1.5707963267948966 flow_3_9 0 5.0 2.0,-86.3049999999999 -6.0 0.0 flow_0_5 0 5.0 2.0,-236.0 -6.0 0.0 flow_0_8 0 5.0 2.0,236.0 6.0 3.141592653589793 flow_1_8 0 5.0 2.0,-6.0 38.23833333333323 -1.5707963267948966 flow_3_1 0 5.0 2.0,113.73500000000019 -6.0 0.0 flow_0_1 0 5.0 2.0,-6.0 236.0 -1.5707963267948966 flow_3_8 0 5.0 2.0,6.0 -87.97594517929156 1.5707963267948966 flow_2_5 0 5.0 2.0,;road_1_0_1 r r g,road_0_1_0 r g g,road_2_1_2 r g g,road_1_2_3 r r g,
-6.0 30.73833333333323 -1.5707963267948966 flow_3_0 0 5.0 2.0,180.4150000000002 -6.0 0.0 flow_0_0 0 5.0 2.0,80.39500000000018 -6.0 0.0 flow_0_2 0 5.0 2.0,-6.0 76.89783553787484 -1.5707963267948966 flow_3_5 0 5.0 2.0,6.0 -219.665 1.5707963267948966 flow_2_8 0 5.0 2.0,6.0 -30.73833333333323 1.5707963267948966 flow_2_0 0 5.0 2.0,-119.64499999999993 -6.0 0.0 flow_0_6 0 5.0 2.0,119.64499999999993 6.0 3.141592653589793 flow_1_6 0 5.0 2.0,19.62499999999983 6.0 3.141592653589793 flow_1_4 0 5.0 2.0,6.0 -264.0 1.5707963267948966 flow_2_9 0 5.0 2.0,6.0 -291.0 1.5707963267948966 flow_2_10 0 5.0 2.0,6.0 -169.65499999999998 1.5707963267948966 flow_2_7 0 5.0 2.0,-6.0 169.65499999999998 -1.5707963267948966 flow_3_7 0 5.0 2.0,-6.0 119.64499999999993 -1.5707963267948966 flow_3_6 0 5.0 2.0,-169.65499999999998 -6.0 0.0 flow_0_7 0 5.0 2.0,-180.4150000000002 6.0 3.141592653589793 flow_1_0 0 5.0 2.0,69.63499999999988 6.0 3.141592653589793 flow_1_5 0 5.0 2.0,30.385000000000177 -6.0 0.0 flow_0_3 0 5.0 2.0,-6.0 53.23833333333323 -1.5707963267948966 flow_3_3 0 5.0 2.0,-30.385000000000177 6.0 3.141592653589793 flow_1_3 0 5.0 2.0,-130.4050000000002 6.0 3.141592653589793 flow_1_1 0 5.0 2.0,-80.39500000000018 6.0 3.141592653589793 flow_1_2 0 5.0 2.0,6.0 -119.64499999999993 1.5707963267948966 flow_2_6 0 5.0 2.0,-6.0 60.73833333333323 -1.5707963267948966 flow_3_4 0 5.0 2.0,6.0 -38.23833333333323 1.5707963267948966 flow_2_1 0 5.0 2.0,6.0 -53.23833333333323 1.5707963267948966 flow_2_3 0 5.0 2.0,169.65499999999998 6.0 3.141592653589793 flow_1_7 0 5.0 2.0,6.0 -45.73833333333323 1.5707963267948966 flow_2_2 0 5.0 2.0,-6.0 45.73833333333323 -1.5707963267948966 flow_3_2 0 5.0 2.0,291.0 6.0 3.141592653589793 flow_1_10 0 5.0 2.0,-19.62499999999983 -6.0 -1.3965069492140336e-16 flow_0_4 0 5.0 2.0,-6.0 291.0 -1.5707963267948966 flow_3_10 0 5.0 2.0,6.0 -60.73833333333323 1.5707963267948966 flow_2_4 0 5.0 2.0,-291.0 -6.0 0.0 flow_0_10 0 5.0 2.0,264.0 6.0 3.141592653589793 flow_1_9 0 5.0 2.0,-264.0 -6.0 0.0 flow_0_9 0 5.0 2.0,-6.0 264.0 -1.5707963267948966 flow_3_9 0 5.0 2.0,-69.63499999999988 -6.0 0.0 flow_0_5 0 5.0 2.0,-219.665 -6.0 0.0 flow_0_8 0 5.0 2.0,219.665 6.0 3.141592653589793 flow_1_8 0 5.0 2.0,-6.0 38.23833333333323 -1.5707963267948966 flow_3_1 0 5.0 2.0,130.4050000000002 -6.0 0.0 flow_0_1 0 5.0 2.0,-6.0 219.665 -1.5707963267948966 flow_3_8 0 5.0 2.0,6.0 -76.89783553787484 1.5707963267948966 flow_2_5 0 5.0 2.0,;road_1_0_1 r r g,road_0_1_0 r g g,road_2_1_2 r g g,road_1_2_3 r r g,
-6.0 30.73833333333323 -1.5707963267948966 flow_3_0 0 5.0 2.0,197.0850000000002 -6.0 0.0 flow_0_0 0 5.0 2.0,97.06500000000018 -6.0 0.0 flow_0_2 0 5.0 2.0,-6.0 70.31972589645813 -1.5707963267948966 flow_3_5 0 5.0 2.0,6.0 -202.995 1.5707963267948966 flow_2_8 0 5.0 2.0,6.0 -30.73833333333323 1.5707963267948966 flow_2_0 0 5.0 2.0,-102.97499999999991 -6.0 0.0 flow_0_6 0 5.0 2.0,102.97499999999991 6.0 3.141592653589793 flow_1_6 0 5.0 2.0,2.9549999999998279 6.0 3.141592653589793 flow_1_4 0 5.0 2.0,6.0 -251.0 1.5707963267948966 flow_2_9 0 5.0 2.0,6.0 -284.0 1.5707963267948966 flow_2_10 0 5.0 2.0,6.0 -152.98499999999997 1.5707963267948966 flow_2_7 0 5.0 2.0,-6.0 152.98499999999997 -1.5707963267948966 flow_3_7 0 5.0 2.0,-6.0 103.41824476321992 -1.5707963267948966 flow_3_6 0 5.0 2.0,-152.98499999999997 -6.0 0.0 flow_0_7 0 5.0 2.0,-197.0850000000002 6.0 3.141592653589793 flow_1_0 0 5.0 2.0,52.96499999999986 6.0 3.141592653589793 flow_1_5 0 5.0 2.0,47.05500000000018 -6.0 0.0 flow_0_3 0 5.0 2.0,-6.0 53.23833333333323 -1.5707963267948966 flow_3_3 0 5.0 2.0,-299.0 -6.0 0.0 flow_0_11 0 5.0 2.0,6.0 -299.0 1.5707963267948966 flow_2_11 0 5.0 2.0,-47.05500000000018 6.0 3.141592653589793 flow_1_3 0 5.0 2.0,-147.0750000000002 6.0 3.141592653589793 flow_1_1 0 5.0 2.0,-97.06500000000018 6.0 3.141592653589793 flow_1_2 0 5.0 2.0,6.0 -103.41824476321992 1.5707963267948966 flow_2_6 0 5.0 2.0,-6.0 60.73833333333323 -1.5707963267948966 flow_3_4 0 5.0 2.0,6.0 -38.23833333333323 1.5707963267948966 flow_2_1 0 5.0 2.0,6.0 -53.23833333333323 1.5707963267948966 flow_2_3 0 5.0 2.0,152.98499999999997 6.0 3.141592653589793 flow_1_7 0 5.0 2.0,6.0 -45.73833333333323 1.5707963267948966 flow_2_2 0 5.0 2.0,-6.0 45.73833333333323 -1.5707963267948966 flow_3_2 0 5.0 2.0,-6.0 299.0 -1.5707963267948966 flow_3_11 0 5.0 2.0,299.0 6.0 3.141592653589793 flow_1_11 0 5.0 2.0,284.0 6.0 3.141592653589793 flow_1_10 0 5.0 2.0,-2.9549999999998279 -6.0 0.0 flow_0_4 0 5.0 2.0,-6.0 284.0 -1.5707963267948966 flow_3_10 0 5.0 2.0,6.0 -60.73833333333323 1.5707963267948966 flow_2_4 0 5.0 2.0,-284.0 -6.0 0.0 flow_0_10 0 5.0 2.0,251.0 6.0 3.141592653589793 flow_1_9 0 5.0 2.0,-251.0 -6.0 0.0 flow_0_9 0 5.0 2.0,-6.0 251.0 -1.5707963267948966 flow_3_9 0 5.0 2.0,-52.96499999999986 -6.0 0.0 flow_0_5 0 5.0 2.0,-202.995 -6.0 0.0 flow_0_8 0 5.0 2.0,202.995 6.0 3.141592653589793 flow_1_8 0 5.0 2.0,-6.0 38.23833333333323 -1.5707963267948966 flow_3_1 0 5.0 2.0,147.0750000000002 -6.0 0.0 flow_0_1 0 5.0 2.0,-6.0 202.995 -1.5707963267948966 flow_3_8 0 5.0 2.0,6.0 -70.31972589645813 1.5707963267948966 flow_2_5 0 5.0 2.0,;road_1_0_1 r r g,road_0_1_0 r g g,road_2_1_2 r g g,road_1_2_3 r r g,
-6.0 30.73833333333323 -1.5707963267948966 flow_3_0 0 5.0 2.0,213.75500000000023 -6.0 0.0 flow_0_0 0 5.0 2.0,113.73500000000019 -6.0 0.0 flow_0_2 0 5.0 2.0,-6.0 68.2383333333332 -1.5707963267948966 flow_3_5 0 5.0 2.0,6.0 -186.325 1.5707963267948966 flow_2_8 0 5.0 2.0,6.0 -30.73833333333323 1.5707963267948966 flow_2_0 0 5.0 2.0,-86.3049999999999 -6.0 0.0 flow_0_6 0 5.0 2.0,86.3049999999999 6.0 3.141592653589793 flow_1_6 0 5.0 2.0,-13.71500000000017 6.0 3.141592653589793 flow_1_4 0 5.0 2.0,6.0 -236.0 1.5707963267948966 flow_2_9 0 5.0 2.0,6.0 -275.0 1.5707963267948966 flow_2_10 0 5.0 2.0,6.0 -136.31499999999995 1.5707963267948966 flow_2_7 0 5.0 2.0,-6.0 136.31499999999995 -1.5707963267948966 flow_3_7 0 5.0 2.0,-6.0 89.88473428965983 -1.5707963267948966 flow_3_6 0 5.0 2.0,-136.31499999999995 -6.0 0.0 flow_0_7 0 5.0 2.0,-213.75500000000023 6.0 3.141592653589793 flow_1_0 0 5.0 2.0,36.294999999999848 6.0 3.141592653589793 flow_1_5 0 5.0 2.0,63.72500000000018 -6.0 0.0 flow_0_3 0 5.0 2.0,-6.0 53.23833333333323 -1.5707963267948966 flow_3_3 0 5.0 2.0,-296.0 -6.0 0.0 flow_0_11 0 5.0 2.0,6.0 -296.0 1.5707963267948966 flow_2_11 0 5.0 2.0,-63.72500000000018 6.0 3.141592653589793 flow_1_3 0 5.0 2.0,-163.74500000000018 6.0 3.141592653589793 flow_1_1 0 5.0 2.0,-113.73500000000019 6.0 3.141592653589793 flow_1_2 0 5.0 2.0,6.0 -89.88473428965983 1.5707963267948966 flow_2_6 0 5.0 2.0,-6.0 60.73833333333323 -1.5707963267948966 flow_3_4 0 5.0 2.0,6.0 -38.23833333333323 1.5707963267948966 flow_2_1 0 5.0 2.0,6.0 -53.23833333333323 1.5707963267948966 flow_2_3 0 5.0 2.0,136.31499999999995 6.0 3.141592653589793 flow_1_7 0 5.0 2.0,6.0 -45.73833333333323 1.5707963267948966 flow_2_2 0 5.0 2.0,-6.0 45.73833333333323 -1.5707963267948966 flow_3_2 0 5.0 2.0,-6.0 296.0 -1.5707963267948966 flow_3_11 0 5.0 2.0,296.0 6.0 3.141592653589793 flow_1_11 0 5.0 2.0,275.0 6.0 3.141592653589793 flow_1_10 0 5.0 2.0,13.71500000000017 -6.0 0.0 flow_0_4 0 5.0 2.0,-6.0 275.0 -1.5707963267948966 flow_3_10 0 5.0 2.0,6.0 -60.73833333333323 1.5707963267948966 flow_2_4 0 5.0 2.0,-275.0 -6.0 0.0 flow_0_10 0 5.0 2.0,236.0 6.0 3.141592653589793 flow_1_9 0 5.0 2.0,-236.0 -6.0 0.0 flow_0_9 0 5.0 2.0,-6.0 236.0 -1.5707963267948966 flow_3_9 0 5.0 2.0,-36.294999999999848 -6.0 0.0 flow_0_5 0 5.0 2.0,-186.325 -6.0 0.0 flow_0_8 0 5.0 2.0,186.325 6.0 3.141592653589793 flow_1_8 0 5.0 2.0,-6.0 38.23833333333323 -1.5707963267948966 flow_3_1 0 5.0 2.0,163.74500000000018 -6.0 0.0 flow_0_1 0 5.0 2.0,-6.0 186.325 -1.5707963267948966 flow_3_8 0 5.0 2.0,6.0 -68.2383333333332 1.5707963267948966 flow_2_5 0 5.0 2.0,;road_1_0_1 r r g,road_0_1_0 r g g,road_2_1_2 r g g,road_1_2_3 r r g,
-6.0 30.73833333333323 -1.5707963267948966 flow_3_0 0 5.0 2.0,230.42500000000025 -6.0 0.0 flow_0_0 0 5.0 2.0,130.4050000000002 -6.0 0.0 flow_0_2 0 5.0 2.0,-6.0 68.2383333333332 -1.5707963267948966 flow_3_5 0 5.0 2.0,6.0 -169.65499999999998 1.5707963267948966 flow_2_8 0 5.0 2.0,6.0 -30.73833333333323 1.5707963267948966 flow_2_0 0 5.0 2.0,-69.63499999999988 -6.0 0.0 flow_0_6 0 5.0 2.0,69.63499999999988 6.0 3.141592653589793 flow_1_6 0 5.0 2.0,-30.385000000000177 6.0 3.141592653589793 flow_1_4 0 5.0 2.0,6.0 -219.665 1.5707963267948966 flow_2_9 0 5.0 2.0,6.0 -264.0 1.5707963267948966 flow_2_10 0 5.0 2.0,6.0 -119.64499999999993 1.5707963267948966 flow_2_7 0 5.0 2.0,-6.0 119.64499999999993 -1.5707963267948966 flow_3_7 0 5.0 2.0,-6.0 80.85122381609978 -1.5707963267948966 flow_3_6 0 5.0 2.0,-119.64499999999993 -6.0 0.0 flow_0_7 0 5.0 2.0,-230.42500000000025 6.0 3.141592653589793 flow_1_0 0 5.0 2.0,19.62499999999983 6.0 3.141592653589793 flow_1_5 0 5.0 2.0,80.39500000000018 -6.0 0.0 flow_0_3 0 5.0 2.0,-6.0 53.23833333333323 -1.5707963267948966 flow_3_3 0 5.0 2.0,-291.0 -6.0 0.0 flow_0_11 0 5.0 2.0,6.0 -291.0 1.5707963267948966 flow_2_11 0 5.0 2.0,-80.39500000000018 6.0 3.141592653589793 flow_1_3 0 5.0 2.0,-180.4150000000002 6.0 3.141592653589793 flow_1_1 0 5.0 2.0,-130.4050000000002 6.0 3.141592653589793 flow_1_2 0 5.0 2.0,6.0 -80.85122381609978 1.5707963267948966 flow_2_6 0 5.0 2.0,-6.0 60.73833333333323 -1.5707963267948966 flow_3_4 0 5.0 2.0,6.0 -38.23833333333323 1.5707963267948966 flow_2_1 0 5.0 2.0,6.0 -53.23833333333323 1.5707963267948966 flow_2_3 0 5.0 2.0,119.64499999999993 6.0 3.141592653589793 flow_1_7 0 5.0 2.0,6.0 -45.73833333333323 1.5707963267948966 flow_2_2 0 5.0 2.0,-6.0 45.73833333333323 -1.5707963267948966 flow_3_2 0 5.0 2.0,-6.0 291.0 -1.5707963267948966 flow_3_11 0 5.0 2.0,291.0 6.0 3.141592653589793 flow_1_11 0 5.0 2.0,264.0 6.0 3.141592653589793 flow_1_10 0 5.0 2.0,30.385000000000177 -6.0 0.0 flow_0_4 0 5.0 2.0,-6.0 264.0 -1.5707963267948966 flow_3_10 0 5.0 2.0,6.0 -60.73833333333323 1.5707963267948966 flow_2_4 0 5.0 2.0,-264.0 -6.0 0.0 flow_0_10 0 5.0 2.0,219.665 6.0 3.141592653589793 flow_1_9 0 5.0 2.0,-219.665 -6.0 0.0 flow_0_9 0 5.0 2.0,-6.0 219.665 -1.5707963267948966 flow_3_9 0 5.0 2.0,-19.62499999999983 -6.0 -1.3965069492140336e-16 flow_0_5 0 5.0 2.0,-169.65499999999998 -6.0 0.0 flow_0_8 0 5.0 2.0,169.65499999999998 6.0 3.141592653589793 flow_1_8 0 5.0 2.0,-6.0 38.23833333333323 -1.5707963267948966 flow_3_1 0 5.0 2.0,180.4150000000002 -6.0 0.0 flow_0_1 0 5.0 2.0,-6.0 169.65499999999998 -1.5707963267948966 flow_3_8 0 5.0 2.0,6.0 -68.2383333333332 1.5707963267948966 flow_2_5 0 5.0 2.0,;road_1_0_1 r r g,road_0_1_0 r g g,road_2_1_2 r g g,road_1_2_3 r r g,
-6.0 30.73833333333323 -1.5707963267948966 flow_3_0 0 5.0 2.0,247.09500000000026 -6.0 0.0 flow_0_0 0 5.0 2.0,147.0750000000002 -6.0 0.0 flow_0_2 0 5.0 2.0,-6.0 68.2383333333332 -1.5707963267948966 flow_3_5 0 5.0 2.0,6.0 -152.98499999999997 1.5707963267948966 flow_2_8 0 5.0 2.0,6.0 -30.73833333333323 1.5707963267948966 flow_2_0 0 5.0 2.0,299.0 6.0 3.141592653589793 flow_1_12 0 5.0 2.0,-52.96499999999986 -6.0 0.0 flow_0_6 0 5.0 2.0,52.96499999999986 6.0 3.141592653589793 flow_1_6 0 5.0 2.0,-47.05500000000018 6.0 3.141592653589793 flow_1_4 0 5.0 2.0,6.0 -202.995 1.5707963267948966 flow_2_9 0 5.0 2.0,6.0 -251.0 1.5707963267948966 flow_2_10 0 5.0 2.0,6.0 -104.4083646526081 1.5707963267948966 flow_2_7 0 5.0 2.0,-6.0 104.4083646526081 -1.5707963267948966 flow_3_7 0 5.0 2.0,-6.0 76.31771334253972 -1.5707963267948966 flow_3_6 0 5.0 2.0,-102.97499999999991 -6.0 0.0 flow_0_7 0 5.0 2.0,-247.09500000000026 6.0 3.141592653589793 flow_1_0 0 5.0 2.0,6.0 -299.0 1.5707963267948966 flow_2_12 0 5.0 2.0,2.9549999999998279 6.0 3.141592653589793 flow_1_5 0 5.0 2.0,97.06500000000018 -6.0 0.0 flow_0_3 0 5.0 2.0,-6.0 53.23833333333323 -1.5707963267948966 flow_3_3 0 5.0 2.0,-284.0 -6.0 0.0 flow_0_11 0 5.0 2.0,6.0 -284.0 1.5707963267948966 flow_2_11 0 5.0 2.0,-97.06500000000018 6.0 3.141592653589793 flow_1_3 0 5.0 2.0,-197.0850000000002 6.0 3.141592653589793 flow_1_1 0 5.0 2.0,-147.0750000000002 6.0 3.141592653589793 flow_1_2 0 5.0 2.0,6.0 -76.31771334253972 1.5707963267948966 flow_2_6 0 5.0 2.0,-6.0 60.73833333333323 -1.5707963267948966 flow_3_4 0 5.0 2.0,6.0 -38.23833333333323 1.5707963267948966 flow_2_1 0 5.0 2.0,-299.0 -6.0 0.0 flow_0_12 0 5.0 2.0,6.0 -53.23833333333323 1.5707963267948966 flow_2_3 0 5.0 2.0,-6.0 299.0 -1.5707963267948966 flow_3_12 0 5.0 2.0,102.97499999999991 6.0 3.141592653589793 flow_1_7 0 5.0 2.0,6.0 -45.73833333333323 1.5707963267948966 flow_2_2 0 5.0 2.0,-6.0 45.73833333333323 -1.5707963267948966 flow_3_2 0 5.0 2.0,-6.0 284.0 -1.5707963267948966 flow_3_11 0 5.0 2.0,284.0 6.0 3.141592653589793 flow_1_11 0 5.0 2.0,251.0 6.0 3.141592653589793 flow_1_10 0 5.0 2.0,47.05500000000018 -6.0 0.0 flow_0_4 0 5.0 2.0,-6.0 251.0 -1.5707963267948966 flow_3_10 0 5.0 2.0,6.0 -60.73833333333323 1.5707963267948966 flow_2_4 0 5.0 2.0,-251.0 -6.0 0.0 flow_0_10 0 5.0 2.0,202.995 6.0 3.141592653589793 flow_1_9 0 5.0 2.0,-202.995 -6.0 0.0 flow_0_9 0 5.0 2.0,-6.0 202.995 -1.5707963267948966 flow_3_9 0 5.0 2.0,-2.9549999999998279 -6.0 0.0 flow_0_5 0 5.0 2.0,-152.98499999999997 -6.0 0.0 flow_0_8 0 5.0 2.0,152.98499999999997 6.0 3.141592653589793 flow_1_8 0 5.0 2.0,-6.0 38.23833333333323 -1.5707963267948966 flow_3_1 0 5.0 2.0,197.0850000000002 -6.0 0.0 flow_0_1 0 5.0 2.0,-6.0 152.98499999999997 -1.5707963267948966 flow_3_8 0 5.0 2.0,6.0 -68.2383333333332 1.5707963267948966 flow_2_5 0 5.0 2.0,;road_1_0_1 r r g,road_0_1_0 r g g,road_2_1_2 r g g,road_1_2_3 r r g,
-6.0 30.73833333333323 -1.5707963267948966 flow_3_0 0 5.0 2.0,263.76500000000029 -6.0 0.0 flow_0_0 0 5.0 2.0,163.74500000000018 -6.0 0.0 flow_0_2 0 5.0 2.0,-6.0 68.2383333333332 -1.5707963267948966 flow_3_5 0 5.0 2.0,6.0 -136.31499999999995 1.5707963267948966 flow_2_8 0 5.0 2.0,6.0 -30.73833333333323 1.5707963267948966 flow_2_0 0 5.0 2.0,296.0 6.0 3.141592653589793 flow_1_12 0 5.0 2.0,-36.294999999999848 -6.0 0.0 flow_0_6 0 5.0 2.0,36.294999999999848 6.0 3.141592653589793 flow_1_6 0 5.0 2.0,-63.72500000000018 6.0 3.141592653589793 flow_1_4 0 5.0 2.0,6.0 -186.325 1.5707963267948966 flow_2_9 0 5.0 2.0,6.0 -236.0 1.5707963267948966 flow_2_10 0 5.0 2.0,6.0 -92.85509395782441 1.5707963267948966 flow_2_7 0 5.0 2.0,-6.0 92.85509395782441 -1.5707963267948966 flow_3_7 0 5.0 2.0,-6.0 75.7383333333332 -1.5707963267948966 flow_3_6 0 5.0 2.0,-86.3049999999999 -6.0 0.0 flow_0_7 0 5.0 2.0,-263.76500000000029 6.0 3.141592653589793 flow_1_0 0 5.0 2.0,6.0 -296.0 1.5707963267948966 flow_2_12 0 5.0 2.0,-13.71500000000017 6.0 3.141592653589793 flow_1_5 0 5.0 2.0,113.73500000000019 -6.0 0.0 flow_0_3 0 5.0 2.0,-6.0 53.23833333333323 -1.5707963267948966 flow_3_3 0 5.0 2.0,-275.0 -6.0 0.0 flow_0_11 0 5.0 2.0,6.0 -275.0 1.5707963267948966 flow_2_11 0 5.0 2.0,-113.73500000000019 6.0 3.141592653589793 flow_1_3 0 5.0 2.0,-213.75500000000023 6.0 3.141592653589793 flow_1_1 0 5.0 2.0,-163.74500000000018 6.0 3.141592653589793 flow_1_2 0 5.0 2.0,6.0 -75.7383333333332 1.5707963267948966 flow_2_6 0 5.0 2.0,-6.0 60.73833333333323 -1.5707963267948966 flow_3_4 0 5.0 2.0,6.0 -38.23833333333323 1.5707963267948966 flow_2_1 0 5.0 2.0,-296.0 -6.0 0.0 flow_0_12 0 5.0 2.0,6.0 -53.23833333333323 1.5707963267948966 flow_2_3 0 5.0 2.0,-6.0 296.0 -1.5707963267948966 flow_3_12 0 5.0 2.0,86.3049999999999 6.0 3.141592653589793 flow_1_7 0 5.0 2.0,6.0 -45.73833333333323 1.5707963267948966 flow_2_2 0 5.0 2.0,-6.0 45.73833333333323 -1.5707963267948966 flow_3_2 0 5.0 2.0,-6.0 275.0 -1.5707963267948966 flow_3_11 0 5.0 2.0,275.0 6.0 3.141592653589793 flow_1_11 0 5.0 2.0,236.0 6.0 3.141592653589793 flow_1_10 0 5.0 2.0,63.72500000000018 -6.0 0.0 flow_0_4 0 5.0 2.0,-6.0 236.0 -1.5707963267948966 flow_3_10 0 5.0 2.0,6.0 -60.73833333333323 1.5707963267948966 flow_2_4 0 5.0 2.0,-236.0 -6.0 0.0 flow_0_10 0 5.0 2.0,186.325 6.0 3.141592653589793 flow_1_9 0 5.0 2.0,-186.325 -6.0 0.0 flow_0_9 0 5.0 2.0,-6.0 186.325 -1.5707963267948966 flow_3_9 0 5.0 2.0,13.71500000000017 -6.0 0.0 flow_0_5 0 5.0 2.0,-136.31499999999995 -6.0 0.0 flow_0_8 0 5.0 2.0,136.31499999999995 6.0 3.141592653589793 flow_1_8 0 5.0 2.0,-6.0 38.23833333333323 -1.5707963267948966 flow_3_1 0 5.0 2.0,213.75500000000023 -6.0 0.0 flow_0_1 0 5.0 2.0,-6.0 136.31499999999995 -1.5707963267948966 flow_3_8 0 5.0 2.0,6.0 -68.2383333333332 1.5707963267948966 flow_2_5 0 5.0 2.0,;road_1_0_1 r r g,road_0_1_0 r g g,road_2_1_2 r g g,road_1_2_3 r r g,
-6.0 30.73833333333323 -1.5707963267948966 flow_3_0 0 5.0 2.0,280.4350000000003 -6.0 0.0 flow_0_0 0 5.0 2.0,180.4150000000002 -6.0 0.0 flow_0_2 0 5.0 2.0,-6.0 68.2383333333332 -1.5707963267948966 flow_3_5 0 5.0 2.0,6.0 -119.8822360433544 1.5707963267948966 flow_2_8 0 5.0 2.0,6.0 -30.73833333333323 1.5707963267948966 flow_2_0 0 5.0 2.0,291.0 6.0 3.141592653589793 flow_1_12 0 5.0 2.0,-19.62499999999983 -6.0 -1.3965069492140336e-16 flow_0_6 0 5.0 2.0,19.62499999999983 6.0 3.141592653589793 flow_1_6 0 5.0 2.0,-80.39500000000018 6.0 3.141592653589793 flow_1_4 0 5.0 2.0,6.0 -169.65499999999998 1.5707963267948966 flow_2_9 0 5.0 2.0,6.0 -219.665 1.5707963267948966 flow_2_10 0 5.0 2.0,6.0 -85.80182326304072 1.5707963267948966 flow_2_7 0 5.0 2.0,-6.0 85.80182326304072 -1.5707963267948966 flow_3_7 0 5.0 2.0,-6.0 75.7383333333332 -1.5707963267948966 flow_3_6 0 5.0 2.0,-69.63499999999988 -6.0 0.0 flow_0_7 0 5.0 2.0,-280.4350000000003 6.0 3.141592653589793 flow_1_0 0 5.0 2.0,6.0 -291.0 1.5707963267948966 flow_2_12 0 5.0 2.0,-30.385000000000177 6.0 3.141592653589793 flow_1_5 0 5.0 2.0,130.4050000000002 -6.0 0.0 flow_0_3 0 5.0 2.0,-6.0 53.23833333333323 -1.5707963267948966 flow_3_3 0 5.0 2.0,-264.0 -6.0 0.0 flow_0_11 0 5.0 2.0,6.0 -264.0 1.5707963267948966 flow_2_11 0 5.0 2.0,-130.4050000000002 6.0 3.141592653589793 flow_1_3 0 5.0 2.0,-230.42500000000025 6.0 3.141592653589793 flow_1_1 0 5.0 2.0,-180.4150000000002 6.0 3.141592653589793 flow_1_2 0 5.0 2.0,6.0 -75.7383333333332 1.5707963267948966 flow_2_6 0 5.0 2.0,-6.0 60.73833333333323 -1.5707963267948966 flow_3_4 0 5.0 2.0,6.0 -38.23833333333323 1.5707963267948966 flow_2_1 0 5.0 2.0,-291.0 -6.0 0.0 flow_0_12 0 5.0 2.0,6.0 -53.23833333333323 1.5707963267948966 flow_2_3 0 5.0 2.0,-6.0 291.0 -1.5707963267948966 flow_3_12 0 5.0 2.0,69.63499999999988 6.0 3.141592653589793 flow_1_7 0 5.0 2.0,6.0 -45.73833333333323 1.5707963267948966 flow_2_2 0 5.0 2.0,-6.0 45.73833333333323 -1.5707963267948966 flow_3_2 0 5.0 2.0,-6.0 264.0 -1.5707963267948966 flow_3_11 0 5.0 2.0,264.0 6.0 3.141592653589793 flow_1_11 0 5.0 2.0,219.665 6.0 3.141592653589793 flow_1_10 0 5.0 2.0,80.39500000000018 -6.0 0.0 flow_0_4 0 5.0 2.0,-6.0 219.665 -1.5707963267948966 flow_3_10 0 5.0 2.0,6.0 -60.73833333333323 1.5707963267948966 flow_2_4 0 5.0 2.0,-219.665 -6.0 0.0 flow_0_10 0 5.0 2.0,169.65499999999998 6.0 3.141592653589793 flow_1_9 0 5.0 2.0,-169.65499999999998 -6.0 0.0 flow_0_9 0 5.0 2.0,-6.0 169.65499999999998 -1.5707963267948966 flow_3_9 0 5.0 2.0,30.385000000000177 -6.0 0.0 flow_0_5 0 5.0 2.0,-119.64499999999993 -6.0 0.0 flow_0_8 0 5.0 2.0,119.64499999999993 6.0 3.141592653589793 flow_1_8 0 5.0 2.0,-6.0 38.23833333333323 -1.5707963267948966 flow_3_1 0 5.0 2.0,230.42500000000025 -6.0 0.0 flow_0_1 0 5.0 2.0,-6.0 119.8822360433544 -1.5707963267948966 flow_3_8 0 5.0 2.0,6.0 -68.2383333333332 1.5707963267948966 flow_2_5 0 5.0 2.0,;road_1_0_1 r r g,road_0_1_0 r g g,road_2_1_2 r g g,road_1_2_3 r r g,
-6.0 30.73833333333323 -1.5707963267948966 flow_3_0 0 5.0 2.0,297.1050000000003 -6.0 0.0 flow_0_0 0 5.0 2.0,197.0850000000002 -6.0 0.0 flow_0_2 0 5.0 2.0,-6.0 68.2383333333332 -1.5707963267948966 flow_3_5 0 5.0 2.0,6.0 -105.93670813006333 1.5707963267948966 flow_2_8 0 5.0 2.0,6.0 -30.73833333333323 1.5707963267948966 flow_2_0 0 5.0 2.0,284.0 6.0 3.141592653589793 flow_1_12 0 5.0 2.0,-2.9549999999998279 -6.0 0.0 flow_0_6 0 5.0 2.0,2.9549999999998279 6.0 3.141592653589793 flow_1_6 0 5.0 2.0,-97.06500000000018 6.0 3.141592653589793 flow_1_4 0 5.0 2.0,6.0 -152.98499999999997 1.5707963267948966 flow_2_9 0 5.0 2.0,6.0 -202.995 1.5707963267948966 flow_2_10 0 5.0 2.0,6.0 -83.24855256825703 1.5707963267948966 flow_2_7 0 5.0 2.0,-6.0 83.24855256825703 -1.5707963267948966 flow_3_7 0 5.0 2.0,-6.0 75.7383333333332 -1.5707963267948966 flow_3_6 0 5.0 2.0,-52.96499999999986 -6.0 0.0 flow_0_7 0 5.0 2.0,-297.1050000000003 6.0 3.141592653589793 flow_1_0 0 5.0 2.0,6.0 -284.0 1.5707963267948966 flow_2_12 0 5.0 2.0,-47.05500000000018 6.0 3.141592653589793 flow_1_5 0 5.0 2.0,147.0750000000002 -6.0 0.0 flow_0_3 0 5.0 2.0,-6.0 53.23833333333323 -1.5707963267948966 flow_3_3 0 5.0 2.0,-251.0 -6.0 0.0 flow_0_11 0 5.0 2.0,6.0 -251.0 1.5707963267948966 flow_2_11 0 5.0 2.0,-147.0750000000002 6.0 3.141592653589793 flow_1_3 0 5.0 2.0,-247.09500000000026 6.0 3.141592653589793 flow_1_1 0 5.0 2.0,-197.0850000000002 6.0 3.141592653589793 flow_1_2 0 5.0 2.0,6.0 -75.7383333333332 1.5707963267948966 flow_2_6 0 5.0 2.0,-6.0 60.73833333333323 -1.5707963267948966 flow_3_4 0 5.0 2.0,6.0 -38.23833333333323 1.5707963267948966 flow_2_1 0 5.0 2.0,-284.0 -6.0 0.0 flow_0_12 0 5.0 2.0,6.0 -53.23833333333323 1.5707963267948966 flow_2_3 0 5.0 2.0,-6.0 284.0 -1.5707963267948966 flow_3_12 0 5.0 2.0,52.96499999999986 6.0 3.141592653589793 flow_1_7 0 5.0 2.0,6.0 -45.73833333333323 1.5707963267948966 flow_2_2 0 5.0 2.0,-6.0 45.73833333333323 -1.5707963267948966 flow_3_2 0 5.0 2.0,-6.0 251.0 -1.5707963267948966 flow_3_11 0 5.0 2.0,251.0 6.0 3.141592653589793 flow_1_11 0 5.0 2.0,202.995 6.0 3.141592653589793 flow_1_10 0 5.0 2.0,97.06500000000018 -6.0 0.0 flow_0_4 0 5.0 2.0,299.0 6.0 3.141592653589793 flow_1_13 0 5.0 2.0,-6.0 202.995 -1.5707963267948966 flow_3_10 0 5.0 2.0,6.0 -60.73833333333323 1.5707963267948966 flow_2_4 0 5.0 2.0,-202.995 -6.0 0.0 flow_0_10 0 5.0 2.0,152.98499999999997 6.0 3.141592653589793 flow_1_9 0 5.0 2.0,-152.98499999999997 -6.0 0.0 flow_0_9 0 5.0 2.0,-6.0 152.98499999999997 -1.5707963267948966 flow_3_9 0 5.0 2.0,47.05500000000018 -6.0 0.0 flow_0_5 0 5.0 2.0,-299.0 -6.0 0.0 flow_0_13 0 5.0 2.0,-102.97499999999991 -6.0 0.0 flow_0_8 0 5.0 2.0,6.0 -299.0 1.5707963267948966 flow_2_13 0 5.0 2.0,102.97499999999991 6.0 3.141592653589793 flow_1_8 0 5.0 2.0,-6.0 38.23833333333323 -1.5707963267948966 flow_3_1 0 5.0 2.0,-6.0 299.0 -1.5707963267948966 flow_3_13 0 5.0 2.0,247.09500000000026 -6.0 0.0 flow_0_1 0 5.0 2.0,-6.0 105.93670813006333 -1.5707963267948966 flow_3_8 0 5.0 2.0,6.0 -68.2383333333332 1.5707963267948966 flow_2_5 0 5.0 2.0,;road_1_0_1 r r g,road_0_1_0 r g g,road_2_1_2 r g g,road_1_2_3 r r g,
-6.0 30.73833333333323 -1.5707963267948966 flow_3_0 0 5.0 2.0,213.75500000000023 -6.0 0.0 flow_0_2 0 5.0 2.0,-6.0 68.2383333333332 -1.5707963267948966 flow_3_5 0 5.0 2.0,6.0 -96.49118021677222 1.5707963267948966 flow_2_8 0 5.0 2.0,6.0 -30.73833333333323 1.5707963267948966 flow_2_0 0 5.0 2.0,275.0 6.0 3.141592653589793 flow_1_12 0 5.0 2.0,13.71500000000017 -6.0 0.0 flow_0_6 0 5.0 2.0,-13.71500000000017 6.0 3.141592653589793 flow_1_6 0 5.0 2.0,-113.73500000000019 6.0 3.141592653589793 flow_1_4 0 5.0 2.0,6.0 -136.31499999999995 1.5707963267948966 flow_2_9 0 5.0 2.0,6.0 -186.325 1.5707963267948966 flow_2_10 0 5.0 2.0,6.0 -83.23833333333318 1.5707963267948966 flow_2_7 0 5.0 2.0,-6.0 83.23833333333318 -1.5707963267948966 flow_3_7 0 5.0 2.0,-6.0 75.7383333333332 -1.5707963267948966 flow_3_6 0 5.0 2.0,-36.294999999999848 -6.0 0.0 flow_0_7 0 5.0 2.0,6.0 -275.0 1.5707963267948966 flow_2_12 0 5.0 2.0,-63.72500000000018 6.0 3.141592653589793 flow_1_5 0 5.0 2.0,163.74500000000018 -6.0 0.0 flow_0_3 0 5.0 2.0,-6.0 53.23833333333323 -1.5707963267948966 flow_3_3 0 5.0 2.0,-236.0 -6.0 0.0 flow_0_11 0 5.0 2.0,6.0 -236.0 1.5707963267948966 flow_2_11 0 5.0 2.0,-163.74500000000018 6.0 3.141592653589793 flow_1_3 0 5.0 2.0,-263.76500000000029 6.0 3.141592653589793 flow_1_1 0 5.0 2.0,-213.75500000000023 6.0 3.141592653589793 flow_1_2 0 5.0 2.0,6.0 -75.7383333333332 1.5707963267948966 flow_2_6 0 5.0 2.0,-6.0 60.73833333333323 -1.5707963267948966 flow_3_4 0 5.0 2.0,6.0 -38.23833333333323 1.5707963267948966 flow_2_1 0 5.0 2.0,-275.0 -6.0 0.0 flow_0_12 0 5.0 2.0,6.0 -53.23833333333323 1.5707963267948966 flow_2_3 0 5.0 2.0,-6.0 275.0 -1.5707963267948966 flow_3_12 0 5.0 2.0,36.294999999999848 6.0 3.141592653589793 flow_1_7 0 5.0 2.0,6.0 -45.73833333333323 1.5707963267948966 flow_2_2 0 5.0 2.0,-6.0 45.73833333333323 -1.5707963267948966 flow_3_2 0 5.0 2.0,-6.0 236.0 -1.5707963267948966 flow_3_11 0 5.0 2.0,236.0 6.0 3.141592653589793 flow_1_11 0 5.0 2.0,186.325 6.0 3.141592653589793 flow_1_10 0 5.0 2.0,113.73500000000019 -6.0 0.0 flow_0_4 0 5.0 2.0,296.0 6.0 3.141592653589793 flow_1_13 0 5.0 2.0,-6.0 186.325 -1.5707963267948966 flow_3_10 0 5.0 2.0,6.0 -60.73833333333323 1.5707963267948966 flow_2_4 0 5.0 2.0,-186.325 -6.0 0.0 flow_0_10 0 5.0 2.0,136.31499999999995 6.0 3.141592653589793 flow_1_9 0 5.0 2.0,-136.31499999999995 -6.0 0.0 flow_0_9 0 5.0 2.0,-6.0 136.31499999999995 -1.5707963267948966 flow_3_9 0 5.0 2.0,63.72500000000018 -6.0 0.0 flow_0_5 0 5.0 2.0,-296.0 -6.0 0.0 flow_0_13 0 5.0 2.0,-86.3049999999999 -6.0 0.0 flow_0_8 0 5.0 2.0,6.0 -296.0 1.5707963267948966 flow_2_13 0 5.0 2.0,86.3049999999999 6.0 3.141592653589793 flow_1_8 0 5.0 2.0,-6.0 38.23833333333323 -1.5707963267948966 flow_3_1 0 5.0 2.0,-6.0 296.0 -1.5707963267948966 flow_3_13 0 5.0 2.0,263.76500000000029 -6.0 0.0 flow_0_1 0 5.0 2.0,-6.0 96.49118021677222 -1.5707963267948966 flow_3_8 0 5.0 2.0,6.0 -68.2383333333332 1.5707963267948966 flow_2_5 0 5.0 2.0,;road_1_0_1 r r g,road_0_1_0 r g g,road_2_1_2 r g g,road_1_2_3 r r g,
-6.0 30.73833333333323 -1.5707963267948966 flow_3_0 0 5.0 2.0,230.42500000000025 -6.0 0.0 flow_0_2 0 5.0 2.0,-6.0 68.2383333333332 -1.5707963267948966 flow_3_5 0 5.0 2.0,6.0 -91.54565230348112 1.5707963267948966 flow_2_8 0 5.0 2.0,6.0 -30.73833333333323 1.5707963267948966 flow_2_0 0 5.0 2.0,264.0 6.0 3.141592653589793 flow_1_12 0 5.0 2.0,30.385000000000177 -6.0 0.0 flow_0_6 0 5.0 2.0,-30.385000000000177 6.0 3.141592653589793 flow_1_6 0 5.0 2.0,-130.4050000000002 6.0 3.141592653589793 flow_1_4 0 5.0 2.0,6.0 -120.84761693997419 1.5707963267948966 flow_2_9 0 5.0 2.0,6.0 -169.65499999999998 1.5707963267948966 flow_2_10 0 5.0 2.0,6.0 -83.23833333333318 1.5707963267948966 flow_2_7 0 5.0 2.0,-6.0 83.23833333333318 -1.5707963267948966 flow_3_7 0 5.0 2.0,-6.0 75.7383333333332 -1.5707963267948966 flow_3_6 0 5.0 2.0,-19.62499999999983 -6.0 -1.3965069492140336e-16 flow_0_7 0 5.0 2.0,6.0 -264.0 1.5707963267948966 flow_2_12 0 5.0 2.0,-80.39500000000018 6.0 3.141592653589793 flow_1_5 0 5.0 2.0,180.4150000000002 -6.0 0.0 flow_0_3 0 5.0 2.0,-6.0 53.23833333333323 -1.5707963267948966 flow_3_3 0 5.0 2.0,-219.665 -6.0 0.0 flow_0_11 0 5.0 2.0,6.0 -219.665 1.5707963267948966 flow_2_11 0 5.0 2.0,-180.4150000000002 6.0 3.141592653589793 flow_1_3 0 5.0 2.0,-280.4350000000003 6.0 3.141592653589793 flow_1_1 0 5.0 2.0,-230.42500000000025 6.0 3.141592653589793 flow_1_2 0 5.0 2.0,6.0 -75.7383333333332 1.5707963267948966 flow_2_6 0 5.0 2.0,-6.0 60.73833333333323 -1.5707963267948966 flow_3_4 0 5.0 2.0,6.0 -38.23833333333323 1.5707963267948966 flow_2_1 0 5.0 2.0,-264.0 -6.0 0.0 flow_0_12 0 5.0 2.0,6.0 -53.23833333333323 1.5707963267948966 flow_2_3 0 5.0 2.0,-6.0 264.0 -1.5707963267948966 flow_3_12 0 5.0 2.0,19.62499999999983 6.0 3.141592653589793 flow_1_7 0 5.0 2.0,6.0 -45.73833333333323 1.5707963267948966 flow_2_2 0 5.0 2.0,-6.0 45.73833333333323 -1.5707963267948966 flow_3_2 0 5.0 2.0,-6.0 219.665 -1.5707963267948966 flow_3_11 0 5.0 2.0,219.665 6.0 3.141592653589793 flow_1_11 0 5.0 2.0,169.65499999999998 6.0 3.141592653589793 flow_1_10 0 5.0 2.0,130.4050000000002 -6.0 0.0 flow_0_4 0 5.0 2.0,291.0 6.0 3.141592653589793 flow_1_13 0 5.0 2.0,-6.0 169.65499999999998 -1.5707963267948966 flow_3_10 0 5.0 2.0,6.0 -60.73833333333323 1.5707963267948966 flow_2_4 0 5.0 2.0,-169.65499999999998 -6.0 0.0 flow_0_10 0 5.0 2.0,119.64499999999993 6.0 3.141592653589793 flow_1_9 0 5.0 2.0,-119.64499999999993 -6.0 0.0 flow_0_9 0 5.0 2.0,-6.0 120.84761693997419 -1.5707963267948966 flow_3_9 0 5.0 2.0,80.39500000000018 -6.0 0.0 flow_0_5 0 5.0 2.0,-291.0 -6.0 0.0 flow_0_13 0 5.0 2.0,-69.63499999999988 -6.0 0.0 flow_0_8 0 5.0 2.0,6.0 -291.0 1.5707963267948966 flow_2_13 0 5.0 2.0,69.63499999999988 6.0 3.141592653589793 flow_1_8 0 5.0 2.0,-6.0 38.23833333333323 -1.5707963267948966 flow_3_1 0 5.0 2.0,-6.0 291.0 -1.5707963267948966 flow_3_13 0 5.0 2.0,280.4350000000003 -6.0 0.0 flow_0_1 0 5.0 2.0,-6.0 91.54565230348112 -1.5707963267948966 flow_3_8 0 5.0 2.0,6.0 -68.2383333333332 1.5707963267948966 flow_2_5 0 5.0 2.0,;road_1_0_1 r r g,road_0_1_0 r g g,road_2_1_2 r g g,road_1_2_3 r r g,
6.0 -299.0 1.5707963267948966 flow_2_14 0 5.0 2.0,-6.0 30.73833333333323 -1.5707963267948966 flow_3_0 0 5.0 2.0,-299.0 -6.0 0.0 flow_0_14 0 5.0 2.0,247.09500000000026 -6.0 0.0 flow_0_2 0 5.0 2.0,-6.0 68.2383333333332 -1.5707963267948966 flow_3_5 0 5.0 2.0,6.0 -90.73833333333318 1.5707963267948966 flow_2_8 0 5.0 2.0,6.0 -30.73833333333323 1.5707963267948966 flow_2_0 0 5.0 2.0,251.0 6.0 3.141592653589793 flow_1_12 0 5.0 2.0,47.05500000000018 -6.0 0.0 flow_0_6 0 5.0 2.0,-47.05500000000018 6.0 3.141592653589793 flow_1_6 0 5.0 2.0,-147.0750000000002 6.0 3.141592653589793 flow_1_4 0 5.0 2.0,6.0 -108.8328508199227 1.5707963267948966 flow_2_9 0 5.0 2.0,6.0 -152.98499999999997 1.5707963267948966 flow_2_10 0 5.0 2.0,6.0 -83.23833333333318 1.5707963267948966 flow_2_7 0 5.0 2.0,-6.0 83.23833333333318 -1.5707963267948966 flow_3_7 0 5.0 2.0,-6.0 75.7383333333332 -1.5707963267948966 flow_3_6 0 5.0 2.0,-2.9549999999998279 -6.0 0.0 flow_0_7 0 5.0 2.0,6.0 -251.0 1.5707963267948966 flow_2_12 0 5.0 2.0,-97.06500000000018 6.0 3.141592653589793 flow_1_5 0 5.0 2.0,197.0850000000002 -6.0 0.0 flow_0_3 0 5.0 2.0,-6.0 53.23833333333323 -1.5707963267948966 flow_3_3 0 5.0 2.0,-202.995 -6.0 0.0 flow_0_11 0 5.0 2.0,6.0 -202.995 1.5707963267948966 flow_2_11 0 5.0 2.0,-197.0850000000002 6.0 3.141592653589793 flow_1_3 0 5.0 2.0,-297.1050000000003 6.0 3.141592653589793 flow_1_1 0 5.0 2.0,-247.09500000000026 6.0 3.141592653589793 flow_1_2 0 5.0 2.0,6.0 -75.7383333333332 1.5707963267948966 flow_2_6 0 5.0 2.0,-6.0 60.73833333333323 -1.5707963267948966 flow_3_4 0 5.0 2.0,6.0 -38.23833333333323 1.5707963267948966 flow_2_1 0 5.0 2.0,-251.0 -6.0 0.0 flow_0_12 0 5.0 2.0,6.0 -53.23833333333323 1.5707963267948966 flow_2_3 0 5.0 2.0,-6.0 251.0 -1.5707963267948966 flow_3_12 0 5.0 2.0,2.9549999999998279 6.0 3.141592653589793 flow_1_7 0 5.0 2.0,6.0 -45.73833333333323 1.5707963267948966 flow_2_2 0 5.0 2.0,-6.0 45.73833333333323 -1.5707963267948966 flow_3_2 0 5.0 2.0,-6.0 299.0 -1.5707963267948966 flow_3_14 0 5.0 2.0,-6.0 202.995 -1.5707963267948966 flow_3_11 0 5.0 2.0,202.995 6.0 3.141592653589793 flow_1_11 0 5.0 2.0,152.98499999999997 6.0 3.141592653589793 flow_1_10 0 5.0 2.0,147.0750000000002 -6.0 0.0 flow_0_4 0 5.0 2.0,284.0 6.0 3.141592653589793 flow_1_13 0 5.0 2.0,-6.0 152.98499999999997 -1.5707963267948966 flow_3_10 0 5.0 2.0,6.0 -60.73833333333323 1.5707963267948966 flow_2_4 0 5.0 2.0,-152.98499999999997 -6.0 0.0 flow_0_10 0 5.0 2.0,102.97499999999991 6.0 3.141592653589793 flow_1_9 0 5.0 2.0,-102.97499999999991 -6.0 0.0 flow_0_9 0 5.0 2.0,-6.0 108.8328508199227 -1.5707963267948966 flow_3_9 0 5.0 2.0,97.06500000000018 -6.0 0.0 flow_0_5 0 5.0 2.0,299.0 6.0 3.141592653589793 flow_1_14 0 5.0 2.0,-284.0 -6.0 0.0 flow_0_13 0 5.0 2.0,-52.96499999999986 -6.0 0.0 flow_0_8 0 5.0 2.0,6.0 -284.0 1.5707963267948966 flow_2_13 0 5.0 2.0,52.96499999999986 6.0 3.141592653589793 flow_1_8 0 5.0 2.0,-6.0 38.23833333333323 -1.5707963267948966 flow_3_1 0 5.0 2.0,-6.0 284.0 -1.5707963267948966 flow_3_13 0 5.0 2.0,297.1050000000003 -6.0 0.0 flow_0_1 0 5.0 2.0,-6.0 90.73833333333318 -1.5707963267948966 flow_3_8 0 5.0 2.0,6.0 -68.2383333333332 1.5707963267948966 flow_2_5 0 5.0 2.0,;road_1_0_1 r r g,road_0_1_0 r g g,road_2_1_2 r g g,road_1_2_3 r r g,
6.0 -296.0 1.5707963267948966 flow_2_14 0 5.0 2.0,-6.0 30.73833333333323 -1.5707963267948966 flow_3_0 0 5.0 2.0,-296.0 -6.0 0.0 flow_0_14 0 5.0 2.0,263.76500000000029 -6.0 0.0 flow_0_2 0 5.0 2.0,-6.0 68.2383333333332 -1.5707963267948966 flow_3_5 0 5.0 2.0,6.0 -90.73833333333318 1.5707963267948966 flow_2_8 0 5.0 2.0,6.0 -30.73833333333323 1.5707963267948966 flow_2_0 0 5.0 2.0,236.0 6.0 3.141592653589793 flow_1_12 0 5.0 2.0,63.72500000000018 -6.0 0.0 flow_0_6 0 5.0 2.0,-63.72500000000018 6.0 3.141592653589793 flow_1_6 0 5.0 2.0,-163.74500000000018 6.0 3.141592653589793 flow_1_4 0 5.0 2.0,6.0 -101.3180846998712 1.5707963267948966 flow_2_9 0 5.0 2.0,6.0 -136.3507294712004 1.5707963267948966 flow_2_10 0 5.0 2.0,6.0 -83.23833333333318 1.5707963267948966 flow_2_7 0 5.0 2.0,-6.0 83.23833333333318 -1.5707963267948966 flow_3_7 0 5.0 2.0,-6.0 75.7383333333332 -1.5707963267948966 flow_3_6 0 5.0 2.0,13.71500000000017 -6.0 0.0 flow_0_7 0 5.0 2.0,6.0 -236.0 1.5707963267948966 flow_2_12 0 5.0 2.0,-113.73500000000019 6.0 3.141592653589793 flow_1_5 0 5.0 2.0,213.75500000000023 -6.0 0.0 flow_0_3 0 5.0 2.0,-6.0 53.23833333333323 -1.5707963267948966 flow_3_3 0 5.0 2.0,-186.325 -6.0 0.0 flow_0_11 0 5.0 2.0,6.0 -186.325 1.5707963267948966 flow_2_11 0 5.0 2.0,-213.75500000000023 6.0 3.141592653589793 flow_1_3 0 5.0 2.0,-263.76500000000029 6.0 3.141592653589793 flow_1_2 0 5.0 2.0,6.0 -75.7383333333332 1.5707963267948966 flow_2_6 0 5.0 2.0,-6.0 60.73833333333323 -1.5707963267948966 flow_3_4 0 5.0 2.0,6.0 -38.23833333333323 1.5707963267948966 flow_2_1 0 5.0 2.0,-236.0 -6.0 0.0 flow_0_12 0 5.0 2.0,6.0 -53.23833333333323 1.5707963267948966 flow_2_3 0 5.0 2.0,-6.0 236.0 -1.5707963267948966 flow_3_12 0 5.0 2.0,-13.71500000000017 6.0 3.141592653589793 flow_1_7 0 5.0 2.0,6.0 -45.73833333333323 1.5707963267948966 flow_2_2 0 5.0 2.0,-6.0 45.73833333333323 -1.5707963267948966 flow_3_2 0 5.0 2.0,-6.0 296.0 -1.5707963267948966 flow_3_14 0 5.0 2.0,-6.0 186.325 -1.5707963267948966 flow_3_11 0 5.0 2.0,186.325 6.0 3.141592653589793 flow_1_11 0 5.0 2.0,136.31499999999995 6.0 3.141592653589793 flow_1_10 0 5.0 2.0,163.74500000000018 -6.0 0.0 flow_0_4 0 5.0 2.0,275.0 6.0 3.141592653589793 flow_1_13 0 5.0 2.0,-6.0 136.3507294712004 -1.5707963267948966 flow_3_10 0 5.0 2.0,6.0 -60.73833333333323 1.5707963267948966 flow_2_4 0 5.0 2.0,-136.31499999999995 -6.0 0.0 flow_0_10 0 5.0 2.0,86.3049999999999 6.0 3.141592653589793 flow_1_9 0 5.0 2.0,-86.3049999999999 -6.0 0.0 flow_0_9 0 5.0 2.0,-6.0 101.3180846998712 -1.5707963267948966 flow_3_9 0 5.0 2.0,113.73500000000019 -6.0 0.0 flow_0_5 0 5.0 2.0,296.0 6.0 3.141592653589793 flow_1_14 0 5.0 2.0,-275.0 -6.0 0.0 flow_0_13 0 5.0 2.0,-36.294999999999848 -6.0 0.0 flow_0_8 0 5.0 2.0,6.0 -275.0 1.5707963267948966 flow_2_13 0 5.0 2.0,36.294999999999848 6.0 3.141592653589793 flow_1_8 0 5.0 2.0,-6.0 38.23833333333323 -1.5707963267948966 flow_3_1 0 5.0 2.0,-6.0 275.0 -1.5707963267948966 flow_3_13 0 5.0 2.0,-6.0 90.73833333333318 -1.5707963267948966 flow_3_8 0 5.0 2.0,6.0 -68.2383333333332 1.5707963267948966 flow_2_5 0 5.0 2.0,;road_1_0_1 r r g,road_0_1_0 r g g,road_2_1_2 r g g,road_1_2_3 r r g,
6.0 -291.0 1.5707963267948966 flow_2_14 0 5.0 2.0,-6.0 30.73833333333323 -1.5707963267948966 flow_3_0 0 5.0 2.0,-291.0 -6.0 0.0 flow_0_14 0 5.0 2.0,280.4350000000003 -6.0 0.0 flow_0_2 0 5.0 2.0,-6.0 68.2383333333332 -1.5707963267948966 flow_3_5 0 5.0 2.0,6.0 -90.73833333333318 1.5707963267948966 flow_2_8 0 5.0 2.0,6.0 -30.73833333333323 1.5707963267948966 flow_2_0 0 5.0 2.0,219.665 6.0 3.141592653589793 flow_1_12 0 5.0 2.0,80.39500000000018 -6.0 0.0 flow_0_6 0 5.0 2.0,-80.39500000000018 6.0 3.141592653589793 flow_1_6 0 5.0 2.0,-180.4150000000002 6.0 3.141592653589793 flow_1_4 0 5.0 2.0,6.0 -98.30331857981969 1.5707963267948966 flow_2_9 0 5.0 2.0,6.0 -122.00218841360123 1.5707963267948966 flow_2_10 0 5.0 2.0,6.0 -83.23833333333318 1.5707963267948966 flow_2_7 0 5.0 2.0,-6.0 83.23833333333318 -1.5707963267948966 flow_3_7 0 5.0 2.0,-6.0 75.7383333333332 -1.5707963267948966 flow_3_6 0 5.0 2.0,30.385000000000177 -6.0 0.0 flow_0_7 0 5.0 2.0,6.0 -219.665 1.5707963267948966 flow_2_12 0 5.0 2.0,-130.4050000000002 6.0 3.141592653589793 flow_1_5 0 5.0 2.0,230.42500000000025 -6.0 0.0 flow_0_3 0 5.0 2.0,-6.0 53.23833333333323 -1.5707963267948966 flow_3_3 0 5.0 2.0,-169.65499999999998 -6.0 0.0 flow_0_11 0 5.0 2.0,6.0 -169.65499999999998 1.5707963267948966 flow_2_11 0 5.0 2.0,-230.42500000000025 6.0 3.141592653589793 flow_1_3 0 5.0 2.0,-280.4350000000003 6.0 3.141592653589793 flow_1_2 0 5.0 2.0,6.0 -75.7383333333332 1.5707963267948966 flow_2_6 0 5.0 2.0,-6.0 60.73833333333323 -1.5707963267948966 flow_3_4 0 5.0 2.0,6.0 -38.23833333333323 1.5707963267948966 flow_2_1 0 5.0 2.0,-219.665 -6.0 0.0 flow_0_12 0 5.0 2.0,6.0 -53.23833333333323 1.5707963267948966 flow_2_3 0 5.0 2.0,-6.0 219.665 -1.5707963267948966 flow_3_12 0 5.0 2.0,-30.385000000000177 6.0 3.141592653589793 flow_1_7 0 5.0 2.0,6.0 -45.73833333333323 1.5707963267948966 flow_2_2 0 5.0 2.0,-6.0 45.73833333333323 -1.5707963267948966 flow_3_2 0 5.0 2.0,-6.0 291.0 -1.5707963267948966 flow_3_14 0 5.0 2.0,-6.0 169.65499999999998 -1.5707963267948966 flow_3_11 0 5.0 2.0,169.65499999999998 6.0 3.141592653589793 flow_1_11 0 5.0 2.0,119.64499999999993 6.0 3.141592653589793 flow_1_10 0 5.0 2.0,180.4150000000002 -6.0 0.0 flow_0_4 0 5.0 2.0,264.0 6.0 3.141592653589793 flow_1_13 0 5.0 2.0,-6.0 122.00218841360123 -1.5707963267948966 flow_3_10 0 5.0 2.0,6.0 -60.73833333333323 1.5707963267948966 flow_2_4 0 5.0 2.0,-119.64499999999993 -6.0 0.0 flow_0_10 0 5.0 2.0,69.63499999999988 6.0 3.141592653589793 flow_1_9 0 5.0 2.0,-69.63499999999988 -6.0 0.0 flow_0_9 0 5.0 2.0,-6.0 98.30331857981969 -1.5707963267948966 flow_3_9 0 5.0 2.0,130.4050000000002 -6.0 0.0 flow_0_5 0 5.0 2.0,291.0 6.0 3.141592653589793 flow_1_14 0 5.0 2.0,-264.0 -6.0 0.0 flow_0_13 0 5.0 2.0,-19.62499999999983 -6.0 -1.3965069492140336e-16 flow_0_8 0 5.0 2.0,6.0 -264.0 1.5707963267948966 flow_2_13 0 5.0 2.0,19.62499999999983 6.0 3.141592653589793 flow_1_8 0 5.0 2.0,-6.0 38.23833333333323 -1.5707963267948966 flow_3_1 0 5.0 2.0,-6.0 264.0 -1.5707963267948966 flow_3_13 0 5.0 2.0,-6.0 90.73833333333318 -1.5707963267948966 flow_3_8 0 5.0 2.0,6.0 -68.2383333333332 1.5707963267948966 flow_2_5 0 5.0 2.0,;road_1_0_1 r r g,road_0_1_0 r g g,road_2_1_2 r g g,road_1_2_3 r r g,
6.0 -284.0 1.5707963267948966 flow_2_14 0 5.0 2.0,-6.0 30.73833333333323 -1.5707963267948966 flow_3_0 0 5.0 2.0,-284.0 -6.0 0.0 flow_0_14 0 5.0 2.0,297.1050000000003 -6.0 0.0 flow_0_2 0 5.0 2.0,-6.0 68.2383333333332 -1.5707963267948966 flow_3_5 0 5.0 2.0,6.0 -90.73833333333318 1.5707963267948966 flow_2_8 0 5.0 2.0,6.0 -30.73833333333323 1.5707963267948966 flow_2_0 0 5.0 2.0,202.995 6.0 3.141592653589793 flow_1_12 0 5.0 2.0,97.06500000000018 -6.0 0.0 flow_0_6 0 5.0 2.0,-97.06500000000018 6.0 3.141592653589793 flow_1_6 0 5.0 2.0,-197.0850000000002 6.0 3.141592653589793 flow_1_4 0 5.0 2.0,6.0 -98.23833333333318 1.5707963267948966 flow_2_9 0 5.0 2.0,6.0 -112.15364735600207 1.5707963267948966 flow_2_10 0 5.0 2.0,6.0 -83.23833333333318 1.5707963267948966 flow_2_7 0 5.0 2.0,299.0 6.0 3.141592653589793 flow_1_15 0 5.0 2.0,-6.0 83.23833333333318 -1.5707963267948966 flow_3_7 0 5.0 2.0,-6.0 75.7383333333332 -1.5707963267948966 flow_3_6 0 5.0 2.0,47.05500000000018 -6.0 0.0 flow_0_7 0 5.0 2.0,-6.0 299.0 -1.5707963267948966 flow_3_15 0 5.0 2.0,6.0 -202.995 1.5707963267948966 flow_2_12 0 5.0 2.0,-147.0750000000002 6.0 3.141592653589793 flow_1_5 0 5.0 2.0,247.09500000000026 -6.0 0.0 flow_0_3 0 5.0 2.0,-6.0 53.23833333333323 -1.5707963267948966 flow_3_3 0 5.0 2.0,-152.98499999999997 -6.0 0.0 flow_0_11 0 5.0 2.0,6.0 -152.98499999999997 1.5707963267948966 flow_2_11 0 5.0 2.0,-247.09500000000026 6.0 3.141592653589793 flow_1_3 0 5.0 2.0,-297.1050000000003 6.0 3.141592653589793 flow_1_2 0 5.0 2.0,6.0 -75.7383333333332 1.5707963267948966 flow_2_6 0 5.0 2.0,-6.0 60.73833333333323 -1.5707963267948966 flow_3_4 0 5.0 2.0,6.0 -38.23833333333323 1.5707963267948966 flow_2_1 0 5.0 2.0,-202.995 -6.0 0.0 flow_0_12 0 5.0 2.0,6.0 -53.23833333333323 1.5707963267948966 flow_2_3 0 5.0 2.0,-6.0 202.995 -1.5707963267948966 flow_3_12 0 5.0 2.0,-47.05500000000018 6.0 3.141592653589793 flow_1_7 0 5.0 2.0,6.0 -45.73833333333323 1.5707963267948966 flow_2_2 0 5.0 2.0,-6.0 45.73833333333323 -1.5707963267948966 flow_3_2 0 5.0 2.0,-6.0 284.0 -1.5707963267948966 flow_3_14 0 5.0 2.0,-6.0 152.98499999999997 -1.5707963267948966 flow_3_11 0 5.0 2.0,152.98499999999997 6.0 3.141592653589793 flow_1_11 0 5.0 2.0,102.97499999999991 6.0 3.141592653589793 flow_1_10 0 5.0 2.0,197.0850000000002 -6.0 0.0 flow_0_4 0 5.0 2.0,251.0 6.0 3.141592653589793 flow_1_13 0 5.0 2.0,6.0 -299.0 1.5707963267948966 flow_2_15 0 5.0 2.0,-6.0 112.15364735600207 -1.5707963267948966 flow_3_10 0 5.0 2.0,6.0 -60.73833333333323 1.5707963267948966 flow_2_4 0 5.0 2.0,-102.97499999999991 -6.0 0.0 flow_0_10 0 5.0 2.0,52.96499999999986 6.0 3.141592653589793 flow_1_9 0 5.0 2.0,-52.96499999999986 -6.0 0.0 flow_0_9 0 5.0 2.0,-6.0 98.23833333333318 -1.5707963267948966 flow_3_9 0 5.0 2.0,147.0750000000002 -6.0 0.0 flow_0_5 0 5.0 2.0,284.0 6.0 3.141592653589793 flow_1_14 0 5.0 2.0,-251.0 -6.0 0.0 flow_0_13 0 5.0 2.0,-2.9549999999998279 -6.0 0.0 flow_0_8 0 5.0 2.0,6.0 -251.0 1.5707963267948966 flow_2_13 0 5.0 2.0,-299.0 -6.0 0.0 flow_0_15 0 5.0 2.0,2.9549999999998279 6.0 3.141592653589793 flow_1_8 0 5.0 2.0,-6.0 38.23833333333323 -1.5707963267948966 flow_3_1 0 5.0 2.0,-6.0 251.0 -1.5707963267948966 flow_3_13 0 5.0 2.0,-6.0 90.73833333333318 -1.5707963267948966 flow_3_8 0 5.0 2.0,6.0 -68.2383333333332 1.5707963267948966 flow_2_5 0 5.0 2.0,;road_1_0_1 r r g,road_0_1_0 r g g,road_2_1_2 r g g,road_1_2_3 r r g,
6.0 -275.0 1.5707963267948966 flow_2_14 0 5.0 2.0,-6.0 30.73833333333323 -1.5707963267948966 flow_3_0 0 5.0 2.0,-275.0 -6.0 0.0 flow_0_14 0 5.0 2.0,-6.0 68.2383333333332 -1.5707963267948966 flow_3_5 0 5.0 2.0,6.0 -90.73833333333318 1.5707963267948966 flow_2_8 0 5.0 2.0,6.0 -30.73833333333323 1.5707963267948966 flow_2_0 0 5.0 2.0,186.325 6.0 3.141592653589793 flow_1_12 0 5.0 2.0,113.73500000000019 -6.0 0.0 flow_0_6 0 5.0 2.0,-113.73500000000019 6.0 3.141592653589793 flow_1_6 0 5.0 2.0,-213.75500000000023 6.0 3.141592653589793 flow_1_4 0 5.0 2.0,6.0 -98.23833333333318 1.5707963267948966 flow_2_9 0 5.0 2.0,6.0 -106.8051062984029 1.5707963267948966 flow_2_10 0 5.0 2.0,6.0 -83.23833333333318 1.5707963267948966 flow_2_7 0 5.0 2.0,296.0 6.0 3.141592653589793 flow_1_15 0 5.0 2.0,-6.0 83.23833333333318 -1.5707963267948966 flow_3_7 0 5.0 2.0,-6.0 75.7383333333332 -1.5707963267948966 flow_3_6 0 5.0 2.0,63.72500000000018 -6.0 0.0 flow_0_7 0 5.0 2.0,-6.0 296.0 -1.5707963267948966 flow_3_15 0 5.0 2.0,6.0 -186.325 1.5707963267948966 flow_2_12 0 5.0 2.0,-163.74500000000018 6.0 3.141592653589793 flow_1_5 0 5.0 2.0,263.76500000000029 -6.0 0.0 flow_0_3 0 5.0 2.0,-6.0 53.23833333333323 -1.5707963267948966 flow_3_3 0 5.0 2.0,-136.31499999999995 -6.0 0.0 flow_0_11 0 5.0 2.0,6.0 -137.2931443657652 1.5707963267948966 flow_2_11 0 5.0 2.0,-263.76500000000029 6.0 3.141592653589793 flow_1_3 0 5.0 2.0,6.0 -75.7383333333332 1.5707963267948966 flow_2_6 0 5.0 2.0,-6.0 60.73833333333323 -1.5707963267948966 flow_3_4 0 5.0 2.0,6.0 -38.23833333333323 1.5707963267948966 flow_2_1 0 5.0 2.0,-186.325 -6.0 0.0 flow_0_12 0 5.0 2.0,6.0 -53.23833333333323 1.5707963267948966 flow_2_3 0 5.0 2.0,-6.0 186.325 -1.5707963267948966 flow_3_12 0 5.0 2.0,-63.72500000000018 6.0 3.141592653589793 flow_1_7 0 5.0 2.0,6.0 -45.73833333333323 1.5707963267948966 flow_2_2 0 5.0 2.0,-6.0 45.73833333333323 -1.5707963267948966 flow_3_2 0 5.0 2.0,-6.0 275.0 -1.5707963267948966 flow_3_14 0 5.0 2.0,-6.0 137.2931443657652 -1.5707963267948966 flow_3_11 0 5.0 2.0,136.31499999999995 6.0 3.141592653589793 flow_1_11 0 5.0 2.0,86.3049999999999 6.0 3.141592653589793 flow_1_10 0 5.0 2.0,213.75500000000023 -6.0 0.0 flow_0_4 0 5.0 2.0,236.0 6.0 3.141592653589793 flow_1_13 0 5.0 2.0,6.0 -296.0 1.5707963267948966 flow_2_15 0 5.0 2.0,-6.0 106.8051062984029 -1.5707963267948966 flow_3_10 0 5.0 2.0,6.0 -60.73833333333323 1.5707963267948966 flow_2_4 0 5.0 2.0,-86.3049999999999 -6.0 0.0 flow_0_10 0 5.0 2.0,36.294999999999848 6.0 3.141592653589793 flow_1_9 0 5.0 2.0,-36.294999999999848 -6.0 0.0 flow_0_9 0 5.0 2.0,-6.0 98.23833333333318 -1.5707963267948966 flow_3_9 0 5.0 2.0,163.74500000000018 -6.0 0.0 flow_0_5 0 5.0 2.0,275.0 6.0 3.141592653589793 flow_1_14 0 5.0 2.0,-236.0 -6.0 0.0 flow_0_13 0 5.0 2.0,13.71500000000017 -6.0 0.0 flow_0_8 0 5.0 2.0,6.0 -236.0 1.5707963267948966 flow_2_13 0 5.0 2.0,-296.0 -6.0 0.0 flow_0_15 0 5.0 2.0,-13.71500000000017 6.0 3.141592653589793 flow_1_8 0 5.0 2.0,-6.0 38.23833333333323 -1.5707963267948966 flow_3_1 0 5.0 2.0,-6.0 236.0 -1.5707963267948966 flow_3_13 0 5.0 2.0,-6.0 90.73833333333318 -1.5707963267948966 flow_3_8 0 5.0 2.0,6.0 -68.2383333333332 1.5707963267948966 flow_2_5 0 5.0 2.0,;road_1_0_1 r r g,road_0_1_0 r g g,road_2_1_2 r g g,road_1_2_3 r r g,
6.0 -264.0 1.5707963267948966 flow_2_14 0 5.0 2.0,-6.0 30.73833333333323 -1.5707963267948966 flow_3_0 0 5.0 2.0,-264.0 -6.0 0.0 flow_0_14 0 5.0 2.0,-6.0 68.2383333333332 -1.5707963267948966 flow_3_5 0 5.0 2.0,6.0 -90.73833333333318 1.5707963267948966 flow_2_8 0 5.0 2.0,6.0 -30.73833333333323 1.5707963267948966 flow_2_0 0 5.0 2.0,169.65499999999998 6.0 3.141592653589793 flow_1_12 0 5.0 2.0,130.4050000000002 -6.0 0.0 flow_0_6 0 5.0 2.0,-130.4050000000002 6.0 3.141592653589793 flow_1_6 0 5.0 2.0,-230.42500000000025 6.0 3.141592653589793 flow_1_4 0 5.0 2.0,6.0 -98.23833333333318 1.5707963267948966 flow_2_9 0 5.0 2.0,6.0 -105.73833333333318 1.5707963267948966 flow_2_10 0 5.0 2.0,6.0 -83.23833333333318 1.5707963267948966 flow_2_7 0 5.0 2.0,291.0 6.0 3.141592653589793 flow_1_15 0 5.0 2.0,-6.0 83.23833333333318 -1.5707963267948966 flow_3_7 0 5.0 2.0,-6.0 75.7383333333332 -1.5707963267948966 flow_3_6 0 5.0 2.0,80.39500000000018 -6.0 0.0 flow_0_7 0 5.0 2.0,-6.0 291.0 -1.5707963267948966 flow_3_15 0 5.0 2.0,6.0 -169.65499999999998 1.5707963267948966 flow_2_12 0 5.0 2.0,-180.4150000000002 6.0 3.141592653589793 flow_1_5 0 5.0 2.0,280.4350000000003 -6.0 0.0 flow_0_3 0 5.0 2.0,-6.0 53.23833333333323 -1.5707963267948966 flow_3_3 0 5.0 2.0,-119.64499999999993 -6.0 0.0 flow_0_11 0 5.0 2.0,6.0 -124.82943309729564 1.5707963267948966 flow_2_11 0 5.0 2.0,-280.4350000000003 6.0 3.141592653589793 flow_1_3 0 5.0 2.0,6.0 -75.7383333333332 1.5707963267948966 flow_2_6 0 5.0 2.0,-6.0 60.73833333333323 -1.5707963267948966 flow_3_4 0 5.0 2.0,6.0 -38.23833333333323 1.5707963267948966 flow_2_1 0 5.0 2.0,-169.65499999999998 -6.0 0.0 flow_0_12 0 5.0 2.0,6.0 -53.23833333333323 1.5707963267948966 flow_2_3 0 5.0 2.0,-6.0 169.65499999999998 -1.5707963267948966 flow_3_12 0 5.0 2.0,-80.39500000000018 6.0 3.141592653589793 flow_1_7 0 5.0 2.0,6.0 -45.73833333333323 1.5707963267948966 flow_2_2 0 5.0 2.0,-6.0 45.73833333333323 -1.5707963267948966 flow_3_2 0 5.0 2.0,-6.0 264.0 -1.5707963267948966 flow_3_14 0 5.0 2.0,-6.0 124.82943309729564 -1.5707963267948966 flow_3_11 0 5.0 2.0,119.64499999999993 6.0 3.141592653589793 flow_1_11 0 5.0 2.0,69.63499999999988 6.0 3.141592653589793 flow_1_10 0 5.0 2.0,230.42500000000025 -6.0 0.0 flow_0_4 0 5.0 2.0,219.665 6.0 3.141592653589793 flow_1_13 0 5.0 2.0,6.0 -291.0 1.5707963267948966 flow_2_15 0 5.0 2.0,-6.0 105.73833333333318 -1.5707963267948966 flow_3_10 0 5.0 2.0,6.0 -60.73833333333323 1.5707963267948966 flow_2_4 0 5.0 2.0,-69.63499999999988 -6.0 0.0 flow_0_10 0 5.0 2.0,19.62499999999983 6.0 3.141592653589793 flow_1_9 0 5.0 2.0,-19.62499999999983 -6.0 -1.3965069492140336e-16 flow_0_9 0 5.0 2.0,-6.0 98.23833333333318 -1.5707963267948966 flow_3_9 0 5.0 2.0,180.4150000000002 -6.0 0.0 flow_0_5 0 5.0 2.0,264.0 6.0 3.141592653589793 flow_1_14 0 5.0 2.0,-219.665 -6.0 0.0 flow_0_13 0 5.0 2.0,30.385000000000177 -6.0 0.0 flow_0_8 0 5.0 2.0,6.0 -219.665 1.5707963267948966 flow_2_13 0 5.0 2.0,-291.0 -6.0 0.0 flow_0_15 0 5.0 2.0,-30.385000000000177 6.0 3.141592653589793 flow_1_8 0 5.0 2.0,-6.0 38.23833333333323 -1.5707963267948966 flow_3_1 0 5.0 2.0,-6.0 219.665 -1.5707963267948966 flow_3_13 0 5.0 2.0,-6.0 90.73833333333318 -1.5707963267948966 flow_3_8 0 5.0 2.0,6.0 -68.2383333333332 1.5707963267948966 flow_2_5 0 5.0 2.0,;road_1_0_1 r r g,road_0_1_0 r g g,road_2_1_2 r g g,road_1_2_3 r r g,
6.0 -251.0 1.5707963267948966 flow_2_14 0 5.0 2.0,-6.0 30.73833333333323 -1.5707963267948966 flow_3_0 0 5.0 2.0,-251.0 -6.0 0.0 flow_0_14 0 5.0 2.0,-6.0 68.2383333333332 -1.5707963267948966 flow_3_5 0 5.0 2.0,6.0 -90.73833333333318 1.5707963267948966 flow_2_8 0 5.0 2.0,-299.0 -6.0 0.0 flow_0_16 0 5.0 2.0,6.0 -30.73833333333323 1.5707963267948966 flow_2_0 0 5.0 2.0,152.98499999999997 6.0 3.141592653589793 flow_1_12 0 5.0 2.0,147.0750000000002 -6.0 0.0 flow_0_6 0 5.0 2.0,-147.0750000000002 6.0 3.141592653589793 flow_1_6 0 5.0 2.0,-247.09500000000026 6.0 3.141592653589793 flow_1_4 0 5.0 2.0,6.0 -98.23833333333318 1.5707963267948966 flow_2_9 0 5.0 2.0,6.0 -105.73833333333318 1.5707963267948966 flow_2_10 0 5.0 2.0,6.0 -83.23833333333318 1.5707963267948966 flow_2_7 0 5.0 2.0,284.0 6.0 3.141592653589793 flow_1_15 0 5.0 2.0,-6.0 83.23833333333318 -1.5707963267948966 flow_3_7 0 5.0 2.0,-6.0 75.7383333333332 -1.5707963267948966 flow_3_6 0 5.0 2.0,97.06500000000018 -6.0 0.0 flow_0_7 0 5.0 2.0,-6.0 284.0 -1.5707963267948966 flow_3_15 0 5.0 2.0,6.0 -152.98499999999997 1.5707963267948966 flow_2_12 0 5.0 2.0,-197.0850000000002 6.0 3.141592653589793 flow_1_5 0 5.0 2.0,297.1050000000003 -6.0 0.0 flow_0_3 0 5.0 2.0,-6.0 53.23833333333323 -1.5707963267948966 flow_3_3 0 5.0 2.0,-102.97499999999991 -6.0 0.0 flow_0_11 0 5.0 2.0,6.0 -299.0 1.5707963267948966 flow_2_16 0 5.0 2.0,6.0 -116.86572182882611 1.5707963267948966 flow_2_11 0 5.0 2.0,-297.1050000000003 6.0 3.141592653589793 flow_1_3 0 5.0 2.0,6.0 -75.7383333333332 1.5707963267948966 flow_2_6 0 5.0 2.0,-6.0 60.73833333333323 -1.5707963267948966 flow_3_4 0 5.0 2.0,6.0 -38.23833333333323 1.5707963267948966 flow_2_1 0 5.0 2.0,-152.98499999999997 -6.0 0.0 flow_0_12 0 5.0 2.0,6.0 -53.23833333333323 1.5707963267948966 flow_2_3 0 5.0 2.0,-6.0 299.0 -1.5707963267948966 flow_3_16 0 5.0 2.0,299.0 6.0 3.141592653589793 flow_1_16 0 5.0 2.0,-6.0 152.98499999999997 -1.5707963267948966 flow_3_12 0 5.0 2.0,-97.06500000000018 6.0 3.141592653589793 flow_1_7 0 5.0 2.0,6.0 -45.73833333333323 1.5707963267948966 flow_2_2 0 5.0 2.0,-6.0 45.73833333333323 -1.5707963267948966 flow_3_2 0 5.0 2.0,-6.0 251.0 -1.5707963267948966 flow_3_14 0 5.0 2.0,-6.0 116.86572182882611 -1.5707963267948966 flow_3_11 0 5.0 2.0,102.97499999999991 6.0 3.141592653589793 flow_1_11 0 5.0 2.0,52.96499999999986 6.0 3.141592653589793 flow_1_10 0 5.0 2.0,247.09500000000026 -6.0 0.0 flow_0_4 0 5.0 2.0,202.995 6.0 3.141592653589793 flow_1_13 0 5.0 2.0,6.0 -284.0 1.5707963267948966 flow_2_15 0 5.0 2.0,-6.0 105.73833333333318 -1.5707963267948966 flow_3_10 0 5.0 2.0,6.0 -60.73833333333323 1.5707963267948966 flow_2_4 0 5.0 2.0,-52.96499999999986 -6.0 0.0 flow_0_10 0 5.0 2.0,2.9549999999998279 6.0 3.141592653589793 flow_1_9 0 5.0 2.0,-2.9549999999998279 -6.0 0.0 flow_0_9 0 5.0 2.0,-6.0 98.23833333333318 -1.5707963267948966 flow_3_9 0 5.0 2.0,197.0850000000002 -6.0 0.0 flow_0_5 0 5.0 2.0,251.0 6.0 3.141592653589793 flow_1_14 0 5.0 2.0,-202.995 -6.0 0.0 flow_0_13 0 5.0 2.0,47.05500000000018 -6.0 0.0 flow_0_8 0 5.0 2.0,6.0 -202.995 1.5707963267948966 flow_2_13 0 5.0 2.0,-284.0 -6.0 0.0 flow_0_15 0 5.0 2.0,-47.05500000000018 6.0 3.141592653589793 flow_1_8 0 5.0 2.0,-6.0 38.23833333333323 -1.5707963267948966 flow_3_1 0 5.0 2.0,-6.0 202.995 -1.5707963267948966 flow_3_13 0 5.0 2.0,-6.0 90.73833333333318 -1.5707963267948966 flow_3_8 0 5.0 2.0,6.0 -68.2383333333332 1.5707963267948966 flow_2_5 0 5.0 2.0,;road_1_0_1 r r g,road_0_1_0 r g g,road_2_1_2 r g g,road_1_2_3 r r g,
6.0 -236.0 1.5707963267948966 flow_2_14 0 5.0 2.0,-6.0 30.73833333333323 -1.5707963267948966 flow_3_0 0 5.0 2.0,-236.0 -6.0 0.0 flow_0_14 0 5.0 2.0,-6.0 68.2383333333332 -1.5707963267948966 flow_3_5 0 5.0 2.0,6.0 -90.73833333333318 1.5707963267948966 flow_2_8 0 5.0 2.0,-296.0 -6.0 0.0 flow_0_16 0 5.0 2.0,6.0 -30.73833333333323 1.5707963267948966 flow_2_0 0 5.0 2.0,136.31499999999995 6.0 3.141592653589793 flow_1_12 0 5.0 2.0,163.74500000000018 -6.0 0.0 flow_0_6 0 5.0 2.0,-163.74500000000018 6.0 3.141592653589793 flow_1_6 0 5.0 2.0,-263.76500000000029 6.0 3.141592653589793 flow_1_4 0 5.0 2.0,6.0 -98.23833333333318 1.5707963267948966 flow_2_9 0 5.0 2.0,6.0 -105.73833333333318 1.5707963267948966 flow_2_10 0 5.0 2.0,6.0 -83.23833333333318 1.5707963267948966 flow_2_7 0 5.0 2.0,275.0 6.0 3.141592653589793 flow_1_15 0 5.0 2.0,-6.0 83.23833333333318 -1.5707963267948966 flow_3_7 0 5.0 2.0,-6.0 75.7383333333332 -1.5707963267948966 flow_3_6 0 5.0 2.0,113.73500000000019 -6.0 0.0 flow_0_7 0 5.0 2.0,-6.0 275.0 -1.5707963267948966 flow_3_15 0 5.0 2.0,6.0 -138.3542941710373 1.5707963267948966 flow_2_12 0 5.0 2.0,-213.75500000000023 6.0 3.141592653589793 flow_1_5 0 5.0 2.0,-6.0 53.23833333333323 -1.5707963267948966 flow_3_3 0 5.0 2.0,-86.3049999999999 -6.0 0.0 flow_0_11 0 5.0 2.0,6.0 -296.0 1.5707963267948966 flow_2_16 0 5.0 2.0,6.0 -113.4020105603565 1.5707963267948966 flow_2_11 0 5.0 2.0,6.0 -75.7383333333332 1.5707963267948966 flow_2_6 0 5.0 2.0,-6.0 60.73833333333323 -1.5707963267948966 flow_3_4 0 5.0 2.0,6.0 -38.23833333333323 1.5707963267948966 flow_2_1 0 5.0 2.0,-136.31499999999995 -6.0 0.0 flow_0_12 0 5.0 2.0,6.0 -53.23833333333323 1.5707963267948966 flow_2_3 0 5.0 2.0,-6.0 296.0 -1.5707963267948966 flow_3_16 0 5.0 2.0,296.0 6.0 3.141592653589793 flow_1_16 0 5.0 2.0,-6.0 138.3542941710373 -1.5707963267948966 flow_3_12 0 5.0 2.0,-113.73500000000019 6.0 3.141592653589793 flow_1_7 0 5.0 2.0,6.0 -45.73833333333323 1.5707963267948966 flow_2_2 0 5.0 2.0,-6.0 45.73833333333323 -1.5707963267948966 flow_3_2 0 5.0 2.0,-6.0 236.0 -1.5707963267948966 flow_3_14 0 5.0 2.0,-6.0 113.4020105603565 -1.5707963267948966 flow_3_11 0 5.0 2.0,86.3049999999999 6.0 3.141592653589793 flow_1_11 0 5.0 2.0,36.294999999999848 6.0 3.141592653589793 flow_1_10 0 5.0 2.0,263.76500000000029 -6.0 0.0 flow_0_4 0 5.0 2.0,186.325 6.0 3.141592653589793 flow_1_13 0 5.0 2.0,6.0 -275.0 1.5707963267948966 flow_2_15 0 5.0 2.0,-6.0 105.73833333333318 -1.5707963267948966 flow_3_10 0 5.0 2.0,6.0 -60.73833333333323 1.5707963267948966 flow_2_4 0 5.0 2.0,-36.294999999999848 -6.0 0.0 flow_0_10 0 5.0 2.0,-13.71500000000017 6.0 3.141592653589793 flow_1_9 0 5.0 2.0,13.71500000000017 -6.0 0.0 flow_0_9 0 5.0 2.0,-6.0 98.23833333333318 -1.5707963267948966 flow_3_9 0 5.0 2.0,213.75500000000023 -6.0 0.0 flow_0_5 0 5.0 2.0,236.0 6.0 3.141592653589793 flow_1_14 0 5.0 2.0,-186.325 -6.0 0.0 flow_0_13 0 5.0 2.0,63.72500000000018 -6.0 0.0 flow_0_8 0 5.0 2.0,6.0 -186.325 1.5707963267948966 flow_2_13 0 5.0 2.0,-275.0 -6.0 0.0 flow_0_15 0 5.0 2.0,-63.72500000000018 6.0 3.141592653589793 flow_1_8 0 5.0 2.0,-6.0 38.23833333333323 -1.5707963267948966 flow_3_1 0 5.0 2.0,-6.0 186.325 -1.5707963267948966 flow_3_13 0 5.0 2.0,-6.0 90.73833333333318 -1.5707963267948966 flow_3_8 0 5.0 2.0,6.0 -68.2383333333332 1.5707963267948966 flow_2_5 0 5.0 2.0,;road_1_0_1 r r g,road_0_1_0 r g g,road_2_1_2 r g g,road_1_2_3 r r g,
6.0 -219.665 1.5707963267948966 flow_2_14 0 5.0 2.0,-6.0 30.73833333333323 -1.5707963267948966 flow_3_0 0 5.0 2.0,-219.665 -6.0 0.0 flow_0_14 0 5.0 2.0,-6.0 68.2383333333332 -1.5707963267948966 flow_3_5 0 5.0 2.0,6.0 -90.73833333333318 1.5707963267948966 flow_2_8 0 5.0 2.0,-291.0 -6.0 0.0 flow_0_16 0 5.0 2.0,6.0 -30.73833333333323 1.5707963267948966 flow_2_0 0 5.0 2.0,119.64499999999993 6.0 3.141592653589793 flow_1_12 0 5.0 2.0,180.4150000000002 -6.0 0.0 flow_0_6 0 5.0 2.0,-180.4150000000002 6.0 3.141592653589793 flow_1_6 0 5.0 2.0,-280.4350000000003 6.0 3.141592653589793 flow_1_4 0 5.0 2.0,6.0 -98.23833333333318 1.5707963267948966 flow_2_9 0 5.0 2.0,6.0 -105.73833333333318 1.5707963267948966 flow_2_10 0 5.0 2.0,6.0 -83.23833333333318 1.5707963267948966 flow_2_7 0 5.0 2.0,264.0 6.0 3.141592653589793 flow_1_15 0 5.0 2.0,-6.0 83.23833333333318 -1.5707963267948966 flow_3_7 0 5.0 2.0,-6.0 75.7383333333332 -1.5707963267948966 flow_3_6 0 5.0 2.0,130.4050000000002 -6.0 0.0 flow_0_7 0 5.0 2.0,-6.0 264.0 -1.5707963267948966 flow_3_15 0 5.0 2.0,6.0 -128.012882513112 1.5707963267948966 flow_2_12 0 5.0 2.0,-230.42500000000025 6.0 3.141592653589793 flow_1_5 0 5.0 2.0,-6.0 53.23833333333323 -1.5707963267948966 flow_3_3 0 5.0 2.0,-71.02416666666656 -6.0 0.0 flow_0_11 0 5.0 2.0,6.0 -291.0 1.5707963267948966 flow_2_16 0 5.0 2.0,6.0 -113.23833333333318 1.5707963267948966 flow_2_11 0 5.0 2.0,6.0 -75.7383333333332 1.5707963267948966 flow_2_6 0 5.0 2.0,-6.0 60.73833333333323 -1.5707963267948966 flow_3_4 0 5.0 2.0,6.0 -38.23833333333323 1.5707963267948966 flow_2_1 0 5.0 2.0,-119.64499999999993 -6.0 0.0 flow_0_12 0 5.0 2.0,6.0 -53.23833333333323 1.5707963267948966 flow_2_3 0 5.0 2.0,-6.0 291.0 -1.5707963267948966 flow_3_16 0 5.0 2.0,291.0 6.0 3.141592653589793 flow_1_16 0 5.0 2.0,-6.0 128.012882513112 -1.5707963267948966 flow_3_12 0 5.0 2.0,-130.4050000000002 6.0 3.141592653589793 flow_1_7 0 5.0 2.0,6.0 -45.73833333333323 1.5707963267948966 flow_2_2 0 5.0 2.0,-6.0 45.73833333333323 -1.5707963267948966 flow_3_2 0 5.0 2.0,-6.0 219.665 -1.5707963267948966 flow_3_14 0 5.0 2.0,-6.0 113.23833333333318 -1.5707963267948966 flow_3_11 0 5.0 2.0,71.02416666666656 6.0 3.141592653589793 flow_1_11 0 5.0 2.0,19.62499999999983 6.0 3.141592653589793 flow_1_10 0 5.0 2.0,280.4350000000003 -6.0 0.0 flow_0_4 0 5.0 2.0,169.65499999999998 6.0 3.141592653589793 flow_1_13 0 5.0 2.0,6.0 -264.0 1.5707963267948966 flow_2_15 0 5.0 2.0,-6.0 105.73833333333318 -1.5707963267948966 flow_3_10 0 5.0 2.0,6.0 -60.73833333333323 1.5707963267948966 flow_2_4 0 5.0 2.0,-19.62499999999983 -6.0 -1.3965069492140336e-16 flow_0_10 0 5.0 2.0,-30.385000000000177 6.0 3.141592653589793 flow_1_9 0 5.0 2.0,30.385000000000177 -6.0 0.0 flow_0_9 0 5.0 2.0,-6.0 98.23833333333318 -1.5707963267948966 flow_3_9 0 5.0 2.0,230.42500000000025 -6.0 0.0 flow_0_5 0 5.0 2.0,219.665 6.0 3.141592653589793 flow_1_14 0 5.0 2.0,-169.65499999999998 -6.0 0.0 flow_0_13 0 5.0 2.0,80.39500000000018 -6.0 0.0 flow_0_8 0 5.0 2.0,6.0 -169.65499999999998 1.5707963267948966 flow_2_13 0 5.0 2.0,-264.0 -6.0 0.0 flow_0_15 0 5.0 2.0,-80.39500000000018 6.0 3.141592653589793 flow_1_8 0 5.0 2.0,-6.0 38.23833333333323 -1.5707963267948966 flow_3_1 0 5.0 2.0,-6.0 169.65499999999998 -1.5707963267948966 flow_3_13 0 5.0 2.0,-6.0 90.73833333333318 -1.5707963267948966 flow_3_8 0 5.0 2.0,6.0 -68.2383333333332 1.5707963267948966 flow_2_5 0 5.0 2.0,;road_1_0_1 r r g,road_0_1_0 r r g,road_2_1_2 r r g,road_1_2_3 r r g,
